Image ID,Camera Pose
0702.jpg,1.0,0.0,0.0,0.0,0.0,1.0,0.0,0.0,0.0,0.0,1.0,0.0,0.0,0.0,0.0,1.0
0722.jpg,0.992371141910553,-0.1203450933098793,0.02676868438720703,0.20076094567775726,0.12136083096265793,0.9917916059494019,-0.0402606837451458,0.028555816039443016,-0.021703779697418213,0.04320221021771431,0.9988305568695068,0.022161275148391724,0.0,0.0,0.0,1.0
0746.jpg,0.9853166341781616,-0.16684415936470032,0.03625098615884781,0.31369274854660034,0.16871577501296997,0.9840261936187744,-0.05681058391928673,-0.04198354110121727,-0.02619340643286705,0.06209252402186394,0.9977266192436218,-0.06491737812757492,0.0,0.0,0.0,1.0
0766.jpg,0.9893536567687988,-0.14522960782051086,-0.009365454316139221,0.5401239991188049,0.14469513297080994,0.9885188937187195,-0.04351702705025673,0.09867559373378754,0.01557788997888565,0.04169859364628792,0.9990087747573853,-0.13220083713531494,0.0,0.0,0.0,1.0
0810.jpg,0.993735134601593,-0.11176054179668427,-0.00011757505126297474,0.3967561721801758,0.11159496009349823,0.9923189878463745,-0.05338156595826149,0.29717448353767395,0.006082624197006226,0.053034018725156784,0.9985741972923279,-0.05482088774442673,0.0,0.0,0.0,1.0
0834.jpg,0.975992739200592,-0.21424861252307892,0.03918777033686638,0.4307086765766144,0.21747134625911713,0.968528687953949,-0.12107204645872116,0.4410896301269531,-0.012014965526759624,0.1266876608133316,0.9918698668479919,-0.042144279927015305,0.0,0.0,0.0,1.0
0854.jpg,0.9559463262557983,-0.28362107276916504,0.07566831260919571,0.5346306562423706,0.29235053062438965,0.9430891871452332,-0.15847395360469818,0.6147250533103943,-0.026415415108203888,0.1736142784357071,0.984459400177002,-0.05702393501996994,0.0,0.0,0.0,1.0
0878.jpg,0.9729111790657043,-0.19688665866851807,0.12115874141454697,0.506639301776886,0.216386079788208,0.9600361585617065,-0.17750385403633118,0.3489435315132141,-0.08136863261461258,0.19891256093978882,0.9766334891319275,-0.055896416306495667,0.0,0.0,0.0,1.0
0898.jpg,0.9874390959739685,-0.10641095787286758,0.1167936772108078,0.6137420535087585,0.12566716969013214,0.9769918918609619,-0.17232128977775574,0.35075169801712036,-0.09576959908008575,0.18483391404151917,0.9780923128128052,-0.07630482316017151,0.0,0.0,0.0,1.0
0922.jpg,0.9945031404495239,-0.04379808530211449,0.09510673582553864,0.6291301846504211,0.0654972568154335,0.9688818454742432,-0.23870082199573517,0.2593107223510742,-0.08169254660606384,0.2436179369688034,0.9664246439933777,-0.037661630660295486,0.0,0.0,0.0,1.0
0942.jpg,0.9909359812736511,-0.07912557572126389,0.10855896025896072,0.6445849537849426,0.10196036845445633,0.9691711664199829,-0.22430181503295898,0.14312873780727386,-0.08746420592069626,0.23333746194839478,0.9684542417526245,-0.03588525205850601,0.0,0.0,0.0,1.0
0990.jpg,0.9732092022895813,-0.22909748554229736,0.019448069855570793,0.7077546119689941,0.22950845956802368,0.9629116654396057,-0.14186954498291016,0.41568320989608765,0.0137751754373312,0.14253222942352295,0.9896942973136902,0.12114571779966354,0.0,0.0,0.0,1.0
1010.jpg,0.972135066986084,-0.2340562641620636,-0.013080475851893425,0.7371475100517273,0.2304275929927826,0.9643399119377136,-0.13019849359989166,0.5870794057846069,0.04308779537677765,0.12355642020702362,0.9914016723632812,0.20998139679431915,0.0,0.0,0.0,1.0
1034.jpg,0.9715553522109985,-0.23658090829849243,-0.010471448302268982,0.8059307932853699,0.23390519618988037,0.9655964970588684,-0.1136297658085823,0.6835595369338989,0.03699382767081261,0.10794828087091446,0.9934679865837097,0.24629643559455872,0.0,0.0,0.0,1.0
1054.jpg,0.9778021574020386,-0.20923319458961487,0.011154438368976116,0.8111918568611145,0.20917072892189026,0.9716225862503052,-0.11044088751077652,0.6765493750572205,0.01226999331265688,0.1103225126862526,0.993820071220398,0.27706336975097656,0.0,0.0,0.0,1.0
1078.jpg,0.9890212416648865,-0.14772053062915802,-0.00395576236769557,0.7474933862686157,0.14728735387325287,0.9875839948654175,-0.05462866276502609,0.6559295654296875,0.011976420879364014,0.053446270525455475,0.9984989166259766,0.3675951659679413,0.0,0.0,0.0,1.0
1098.jpg,0.999414324760437,-0.024388086050748825,-0.024005591869354248,0.8378654718399048,0.02410105988383293,0.9996353983879089,-0.012174179777503014,0.8320255279541016,0.024293743073940277,0.011588489636778831,0.9996377229690552,0.4061949551105499,0.0,0.0,0.0,1.0
1122.jpg,0.9942906498908997,0.07341588288545609,-0.07743529975414276,0.9810150861740112,-0.07247764617204666,0.9972593188285828,0.014861727133393288,0.9175593256950378,0.0783141553401947,-0.009164547547698021,0.9968866109848022,0.28856325149536133,0.0,0.0,0.0,1.0
1166.jpg,0.9947400689125061,0.005771384108811617,-0.10226872563362122,0.790421724319458,-0.004279144573956728,0.9998812675476074,0.014804741367697716,0.928913414478302,0.10234202444553375,-0.014289246872067451,0.9946466088294983,0.3240519165992737,0.0,0.0,0.0,1.0
1186.jpg,0.9796668887138367,-0.10890856385231018,-0.16849833726882935,0.6734477281570435,0.10614541172981262,0.9940274953842163,-0.025347191840410233,0.7961767911911011,0.1702525019645691,0.006946478970348835,0.9853760004043579,0.3622482717037201,0.0,0.0,0.0,1.0
1210.jpg,0.9493697285652161,-0.23459912836551666,-0.20895075798034668,0.4351142942905426,0.2216304987668991,0.9715235829353333,-0.08379635959863663,0.9750973582267761,0.2226591408252716,0.03324386477470398,0.97432941198349,0.4125491976737976,0.0,0.0,0.0,1.0
1234.jpg,0.9346349239349365,-0.28796079754829407,-0.208653062582016,0.33114224672317505,0.26882681250572205,0.9562360048294067,-0.11551978439092636,1.180612564086914,0.23278674483299255,0.05187729746103287,0.9711431860923767,0.4854658246040344,0.0,0.0,0.0,1.0
