Image ID,Ground Truth Pose,Other Pose,Difference
0098,[1. 0. 0. 0. 0. 1. 0. 0. 0. 0. 1. 0. 0. 0. 0. 1.],"[ 0.88093741 -0.45452181 -0.13175435 -0.23147101 -0.02745191 -0.32702661
  0.94461632 -0.16451464 -0.4724359  -0.82853094 -0.30056747 -0.05535701
  0.          0.          0.          1.        ]",2.361571856278457
0060,"[ 0.95054425 -0.02945676  0.30918915  0.34264468  0.20814474  0.79928599
 -0.56375321 -0.47778587 -0.23052421  0.60022847  0.76588801 -1.18162388
  0.          0.          0.          1.        ]","[ 0.54738413 -0.82690524 -0.12883452  0.30250012  0.25249511  0.01641023
  0.967459   -0.68434435 -0.79788271 -0.5621018   0.21777223 -1.0892569
  0.          0.          0.          1.        ]",2.4445750150410483
0202,"[ 0.9742146   0.16955821  0.14884858 -0.6117205  -0.13466869  0.96630831
 -0.21934574 -0.44582091 -0.18102545  0.19364454  0.96422593 -0.70594188
  0.          0.          0.          1.        ]","[ 0.80173876 -0.59447451  0.06176582 -0.76754003 -0.21092752 -0.18473557
  0.95988664 -0.25428745 -0.5592178  -0.78260643 -0.2735007  -0.11041201
  0.          0.          0.          1.        ]",2.5270668690334173
0188,"[ 0.99274182  0.11774284  0.02450077 -0.649605   -0.11899722  0.99117941
  0.05833508 -0.21324988 -0.0174161  -0.06082724  0.99799635 -0.29567781
  0.          0.          0.          1.        ]","[ 0.89327048 -0.44689725 -0.04848389 -0.65979795 -0.13929687 -0.37773934
  0.9153739  -0.03458129 -0.42739235 -0.81092283 -0.39967479  0.18864071
  0.          0.          0.          1.        ]",2.427695447670269
0084,"[ 0.99283483 -0.05468409  0.10624838  0.24697195  0.08012203  0.96430316
 -0.25238826 -0.47009157 -0.08865399  0.25909267  0.96177514 -0.34834954
  0.          0.          0.          1.        ]","[ 0.7520349  -0.62691262 -0.20352904  0.22432836  0.11355681 -0.18093788
  0.97691675 -0.3120798  -0.64926755 -0.7577876  -0.06488141 -0.4080424
  0.          0.          0.          1.        ]",2.3951363798954515
0240,"[ 0.9429948  -0.27180494  0.19204913 -0.28256181  0.32298513  0.60825704
 -0.72505444 -0.51291916  0.08025815  0.74575158  0.66137222 -0.99753559
  0.          0.          0.          1.        ]","[ 0.5999544  -0.79139621 -0.11724654  0.4176278   0.41314006  0.18097404
  0.89250417 -0.6716661  -0.68510584 -0.58390105  0.43553365 -1.55938523
  0.          0.          0.          1.        ]",2.554684414029596
0214,"[ 0.90862487  0.29961101  0.29091946 -0.75833214 -0.10563756  0.83886507
 -0.53399071 -0.40982565 -0.40403165  0.45446519  0.79386385 -0.48982141
  0.          0.          0.          1.        ]","[ 0.57175804 -0.7567353   0.31692969 -1.34893815 -0.36889691  0.10791711
  0.92318414 -0.31326875 -0.73280817 -0.64475234 -0.21745484 -0.58594223
  0.          0.          0.          1.        ]",2.5813734388673923
0226,"[ 0.97406197 -0.0026021   0.22626654 -0.70767508  0.13888791  0.79629708
 -0.58874537 -0.53174254 -0.17864339  0.60490013  0.77600414 -0.61381636
  0.          0.          0.          1.        ]","[ 6.54054534e-01 -7.55864807e-01  2.96826483e-02 -4.03388906e-01
  3.96968180e-04  3.95825052e-02  9.99216227e-01 -6.46544926e-01
 -7.56447294e-01 -6.53530121e-01  2.61891713e-02 -7.28965607e-01
  0.00000000e+00  0.00000000e+00  0.00000000e+00  1.00000000e+00]",2.533896005391302
0072,"[ 0.96430283 -0.07486335  0.25399895  0.40253445  0.19630663  0.84586084
 -0.49596689 -0.5750304  -0.177718    0.5281239   0.83036225 -0.76714081
  0.          0.          0.          1.        ]","[ 0.5929529  -0.78531124 -0.17802559  0.44893632  0.28515603 -0.00197336
  0.95847908 -0.55517869 -0.75305571 -0.61909802  0.22276613 -1.05118659
  0.          0.          0.          1.        ]",2.402279374193998
