Image ID,Ground Truth Pose,Other Pose,Difference
0240,"[ 0.9780652   0.02156947 -0.20717922  3.74229784 -0.05659869  0.98472264
 -0.16467514  2.63191205  0.20046212  0.1727891   0.96434375  1.06400142
  0.          0.          0.          1.        ]","[ 0.9780652   0.02156947 -0.20717922  3.74229784 -0.05659869  0.98472264
 -0.16467514  2.63191205  0.20046212  0.1727891   0.96434375  1.06400142
  0.          0.          0.          1.        ]",0.0
0188,"[ 0.82987736  0.27703981  0.48430621 -4.32133496 -0.45048732  0.84483103
  0.28865498 -2.61764639 -0.32918799 -0.45772204  0.82590907  2.04630659
  0.          0.          0.          1.        ]","[ 0.82987736  0.27703981  0.48430621 -4.32133496 -0.45048732  0.84483103
  0.28865498 -2.61764639 -0.32918799 -0.45772204  0.82590907  2.04630659
  0.          0.          0.          1.        ]",0.0
0226,"[ 0.97326988  0.06495176  0.22028845 -1.27940601 -0.05942261  0.99773132
 -0.03164112  1.17852319 -0.22184383  0.01770524  0.97492145  0.53453636
  0.          0.          0.          1.        ]","[ 0.97326988  0.06495176  0.22028845 -1.27940601 -0.05942261  0.99773132
 -0.03164112  1.17852319 -0.22184383  0.01770524  0.97492145  0.53453636
  0.          0.          0.          1.        ]",0.0
0214,"[ 0.82373413  0.07289389  0.5622709  -5.37175652 -0.01135374  0.99362283
 -0.11218182  2.08852085 -0.56686258  0.08602411  0.81930865  2.31783911
  0.          0.          0.          1.        ]","[ 0.82373413  0.07289389  0.5622709  -5.37175652 -0.01135374  0.99362283
 -0.11218182  2.08852085 -0.56686258  0.08602411  0.81930865  2.31783911
  0.          0.          0.          1.        ]",0.0
0072,"[ 0.99787527  0.01157734 -0.06411637  2.77190626 -0.01073635  0.99985196
  0.01344568  0.50233617  0.06426255 -0.01272873  0.99785185  0.85329863
  0.          0.          0.          1.        ]","[ 0.99787527  0.01157734 -0.06411637  2.77190626 -0.01073635  0.99985196
  0.01344568  0.50233617  0.06426255 -0.01272873  0.99785185  0.85329863
  0.          0.          0.          1.        ]",0.0
0084,"[ 0.97387479  0.17294045  0.14717167  0.48487699 -0.20148333  0.95699825
  0.20870748 -1.79320437 -0.10474907 -0.23290759  0.96684109  1.14984847
  0.          0.          0.          1.        ]","[ 0.97387479  0.17294045  0.14717167  0.48487699 -0.20148333  0.95699825
  0.20870748 -1.79320437 -0.10474907 -0.23290759  0.96684109  1.14984847
  0.          0.          0.          1.        ]",0.0
0098,"[ 0.88231536  0.29743277  0.3647648  -2.08925222 -0.41243398  0.86198725
  0.29474768 -2.39286162 -0.22675499 -0.4105018   0.88321597  1.57020162
  0.          0.          0.          1.        ]","[ 0.88231536  0.29743277  0.3647648  -2.08925222 -0.41243398  0.86198725
  0.29474768 -2.39286162 -0.22675499 -0.4105018   0.88321597  1.57020162
  0.          0.          0.          1.        ]",0.0
0202,"[ 0.86141592  0.21054466  0.46220511 -4.08560421 -0.29823765  0.94630205
  0.12476673 -0.95947239 -0.41111668 -0.24532301  0.87795199  1.58089176
  0.          0.          0.          1.        ]","[ 0.86141592  0.21054466  0.46220511 -4.08560421 -0.29823765  0.94630205
  0.12476673 -0.95947239 -0.41111668 -0.24532301  0.87795199  1.58089176
  0.          0.          0.          1.        ]",0.0
0060,"[ 0.99816801 -0.05308198 -0.02903312  2.28844073  0.05243822  0.99837059
 -0.02250337  1.13368058  0.03018034  0.0209397   0.99932511  0.44268302
  0.          0.          0.          1.        ]","[ 0.99816801 -0.05308198 -0.02903312  2.28844073  0.05243822  0.99837059
 -0.02250337  1.13368058  0.03018034  0.0209397   0.99932511  0.44268302
  0.          0.          0.          1.        ]",0.0
