Image ID,Ground Truth Pose,Other Pose,Difference
0098,[1. 0. 0. 0. 0. 1. 0. 0. 0. 0. 1. 0. 0. 0. 0. 1.],"[ 2.91932443e-02  6.62580479e-02  9.97375368e-01 -3.28650557e-01
  3.07464162e-02  9.97268976e-01 -6.71509297e-02  4.86345458e-03
 -9.99100802e-01  3.26260717e-02  2.70763194e-02  5.62414852e-04
  0.00000000e+00  0.00000000e+00  0.00000000e+00  1.00000000e+00]",2.000239505359387
0136,"[ 0.97051748  0.16735246 -0.17346191 -0.15835796 -0.04333017  0.82908044
  0.5574479   0.75442946  0.23710415 -0.53349684  0.81188845  0.22408057
  0.          0.          0.          1.        ]","[ 0.08874257  0.04026959  0.99524024 -0.32496144 -0.08573691  0.99578281
 -0.03264664  0.56538941 -0.99235777 -0.08243167  0.09182091  0.14240561
  0.          0.          0.          1.        ]",2.200236040993229
0370,"[ 0.66817898 -0.28761112  0.68616091  0.81327059  0.29979331 -0.73999069
 -0.60211109  0.32584843  0.6809265   0.60802445 -0.40822227 -1.97602181
  0.          0.          0.          1.        ]","[-0.12992849  0.30266327  0.94419995  0.5357186   0.53081924  0.82554611
 -0.19158437  0.40210915 -0.83746618  0.47630723 -0.26792144 -1.31908513
  0.          0.          0.          1.        ]",2.565494267128208
0278,"[ 0.80630943 -0.43817984  0.39732046  0.26279683  0.16182724 -0.48267486
 -0.86071882 -0.13246753  0.56892624  0.75830305 -0.31827583 -0.52120198
  0.          0.          0.          1.        ]","[-0.05154861  0.26193743  0.9637072   0.69489937  0.44578828  0.8695496
 -0.21250006  0.25145741 -0.89365293  0.41865529 -0.16159272 -1.29775173
  0.          0.          0.          1.        ]",2.6631559203657478
0304,"[ 0.80414205 -0.34380527  0.48492633  0.4420752   0.08252673 -0.74330431
 -0.66384337  0.34830353  0.58868065  0.57384385 -0.56934911 -0.86203248
  0.          0.          0.          1.        ]","[-0.09762956  0.32994512  0.93893807  0.87106313  0.62314478  0.7558834
 -0.20082548  0.42198027 -0.77598908  0.56548784 -0.27940015 -1.47045882
  0.          0.          0.          1.        ]",2.5949143943707944
0150,"[ 0.96873791  0.17723146 -0.17359676 -0.14650646 -0.05209108  0.82945742
  0.55613562  0.76689891  0.24255586 -0.52970683  0.81275905  0.14399866
  0.          0.          0.          1.        ]","[ 0.08613843  0.03501215  0.99566778 -0.32083988 -0.08233383  0.99621395
 -0.02790838  0.55471515 -0.99287531 -0.07957319  0.08869498  0.14860911
  0.          0.          0.          1.        ]",2.2056364383806115
0344,"[ 0.73693953 -0.17296742  0.65345419  0.8196613   0.12456322 -0.91540269
 -0.38278178  0.71919654  0.66438255  0.3634834  -0.65305103 -1.61479046
  0.          0.          0.          1.        ]","[-0.13549262  0.37664503  0.91639526  0.78455429  0.69421347  0.69600592
 -0.18342127  0.49377694 -0.70690125  0.61132174 -0.35577573 -1.43858809
  0.          0.          0.          1.        ]",2.4912934202866777
0240,"[ 0.9429948  -0.27180494  0.19204913 -0.22649358  0.32298513  0.60825704
 -0.72505444 -0.41114155  0.08025815  0.74575158  0.66137222 -0.79959642
  0.          0.          0.          1.        ]","[ 0.06861576  0.05247668  0.99626208  0.15211391  0.21842835  0.97359636
 -0.06632664 -0.20373503 -0.9734377   0.22216294  0.05534167 -0.69260438
  0.          0.          0.          1.        ]",2.011040640088669
0188,"[ 0.99274182  0.11774284  0.02450077 -0.52070506 -0.11899722  0.99117941
  0.05833508 -0.17093509 -0.0174161  -0.06082724  0.99799635 -0.23700701
  0.          0.          0.          1.        ]","[ 0.09737811  0.06192563  0.99331906 -0.20382262  0.12467087  0.98944185
 -0.07390579 -0.17456005 -0.9874081   0.13103477  0.08862966 -0.15140755
  0.          0.          0.          1.        ]",1.932010245296968
0226,"[ 0.97406197 -0.0026021   0.22626654 -0.5672524   0.13888791  0.79629708
 -0.58874537 -0.42622984 -0.17864339  0.60490013  0.77600414 -0.4920179
  0.          0.          0.          1.        ]","[ 0.12114475  0.04809177  0.99146916  0.02259734  0.22715772  0.97097701
 -0.07485353 -0.37335052 -0.96629362  0.23428801  0.10670434 -0.49594593
  0.          0.          0.          1.        ]",1.7816859968828003
0124,"[ 0.98593728  0.11447421 -0.12175136 -0.15617053 -0.05693789  0.91505772
  0.39928365  0.62710354  0.15711723 -0.38673642  0.90870738  0.27610861
  0.          0.          0.          1.        ]","[ 0.0876676   0.01844329  0.99597903 -0.20830192 -0.01845453  0.9996871
 -0.01688756  0.27789436 -0.99597885 -0.0168998   0.08798053  0.07914525
  0.          0.          0.          1.        ]",2.133245106581868
0060,"[ 0.95054425 -0.02945676  0.30918915  0.27465432  0.20814474  0.79928599
 -0.56375321 -0.38297969 -0.23052421  0.60022847  0.76588801 -0.94715641
  0.          0.          0.          1.        ]","[-0.06365485  0.1904445   0.97963205 -0.64114967  0.24226569  0.95520828
 -0.16995439 -0.49848749 -0.96811954  0.22651282 -0.10694181 -0.04070065
  0.          0.          0.          1.        ]",2.1968720409809688
0266,"[ 0.81841502 -0.45483454  0.35117291  0.23325147  0.27078478 -0.23375652
 -0.9338273  -0.28645663  0.50682592  0.85935061 -0.06814752 -0.54647686
  0.          0.          0.          1.        ]","[-0.02700533  0.20700678  0.97796671  0.49195834  0.32807842  0.92596851
 -0.18694082  0.15890054 -0.94426444  0.31580137 -0.09292055 -1.11896065
  0.          0.          0.          1.        ]",2.5389873443631865
0252,"[ 0.82822122 -0.50930686  0.23378634  0.31494486  0.38322962  0.21035662
 -0.89938039 -0.40633352  0.40888214  0.83447984  0.36940338 -0.87453313
  0.          0.          0.          1.        ]","[-0.01087478  0.08259745  0.99652369  0.29132989  0.20523563  0.97554977
 -0.07861935 -0.10239164 -0.97865218  0.2036672  -0.02756083 -0.94700056
  0.          0.          0.          1.        ]",2.346486450939468
0330,"[ 0.76022324 -0.19911763  0.61839534  0.70484923  0.12315786 -0.89044088
 -0.43811775  0.68501113  0.63788152  0.40922758 -0.6524109  -1.36114294
  0.          0.          0.          1.        ]","[-0.1243673   0.36291485  0.92348556  0.83899511  0.6854383   0.70436883
 -0.18449642  0.51474606 -0.71743091  0.61004708 -0.3363562  -1.45531832
  0.          0.          0.          1.        ]",2.479578022627627
0292,"[ 0.79010406 -0.42840716  0.43840951  0.33859026  0.07481516 -0.64247317
 -0.76264733  0.16066899  0.60838996  0.63537042 -0.47556926 -0.62420576
  0.          0.          0.          1.        ]","[-0.07509745  0.29826663  0.95152371  0.84062914  0.56826981  0.79690931
 -0.20495111  0.34766066 -0.81940822  0.52533092 -0.22934179 -1.45663288
  0.          0.          0.          1.        ]",2.6939835333673448
0072,"[ 0.96430283 -0.07486335  0.25399895  0.32266028  0.19630663  0.84586084
 -0.49596689 -0.46092817 -0.177718    0.5281239   0.83036225 -0.61491846
  0.          0.          0.          1.        ]","[-0.06577255  0.17935225  0.98158378 -0.55439441  0.18857059  0.96822245
 -0.16427544 -0.4051959  -0.97985463  0.17429302 -0.09750303 -0.08700096
  0.          0.          0.          1.        ]",2.1120353546427806
0176,"[ 0.98829705  0.1374494  -0.06615602 -0.4105152  -0.11430656  0.95448633
  0.27548107  0.32313424  0.10100973 -0.26469504  0.95902745  0.01870778
  0.          0.          0.          1.        ]","[ 0.10347855  0.02627459  0.99428459 -0.18575879  0.05954342  0.99769449
 -0.03256158  0.07021954 -0.99284785  0.06257253  0.10167552 -0.03562719
  0.          0.          0.          1.        ]",2.0500959302639297
0202,"[ 0.9742146   0.16955821  0.14884858 -0.49033792 -0.13466869  0.96630831
 -0.21934574 -0.35735748 -0.18102545  0.19364454  0.96422593 -0.56586312
  0.          0.          0.          1.        ]","[ 0.10635562  0.06967106  0.99188426 -0.2162079   0.18914249  0.9779107
 -0.0889705  -0.3787006  -0.97617295  0.19706997  0.09082855 -0.2939284
  0.          0.          0.          1.        ]",1.7721448455685505
0084,"[ 0.99283483 -0.05468409  0.10624838  0.19796575  0.08012203  0.96430316
 -0.25238826 -0.37681216 -0.08865399  0.25909267  0.96177514 -0.27922718
  0.          0.          0.          1.        ]","[-0.01622025  0.12476226  0.99205409 -0.44199326  0.08296783  0.98893082
 -0.12301294 -0.20022643 -0.99642024  0.0803133  -0.02639197 -0.11306831
  0.          0.          0.          1.        ]",2.037943128114315
0356,"[ 0.72353629 -0.18745091  0.6643473   0.83312188  0.1739974  -0.88182044
 -0.43831222  0.60466644  0.66799711  0.43272954 -0.60541308 -1.73787831
  0.          0.          0.          1.        ]","[-0.136958    0.36124211  0.92235928  0.70726097  0.65717481  0.72984809
 -0.18826341  0.45039297 -0.74119083  0.58036714 -0.33735775 -1.37586758
  0.          0.          0.          1.        ]",2.500339804412814
0162,"[ 0.97531332  0.16277793 -0.1492223  -0.27276567 -0.0701874   0.86921303
  0.48943073  0.65207604  0.20937453 -0.46687486  0.85917996  0.14156764
  0.          0.          0.          1.        ]","[ 0.08078051  0.02843126  0.99632636 -0.19630246 -0.026579    0.99929909
 -0.0263611   0.37823732 -0.99637751 -0.02435188  0.08147957  0.16961776
  0.          0.          0.          1.        ]",2.17979093933286
