Image ID,Ground Truth Pose,Other Pose,Difference
0276,[1. 0. 0. 0. 0. 1. 0. 0. 0. 0. 1. 0. 0. 0. 0. 1.],[1. 0. 0. 0. 0. 1. 0. 0. 0. 0. 1. 0. 0. 0. 0. 1.],0.0
0321,"[ 0.98795152 -0.1547372   0.00286561  0.27829802  0.15462369  0.98767585
  0.02424849 -0.18748713 -0.00658244 -0.02351324  0.99970186  0.14025363
  0.          0.          0.          1.        ]","[ 0.98795152 -0.1547372   0.00286561  0.27829802  0.15462369  0.98767585
  0.02424849 -0.18748713 -0.00658244 -0.02351324  0.99970186  0.14025363
  0.          0.          0.          1.        ]",0.0
0375,"[ 0.96530926 -0.26080862  0.01252576  0.48806271  0.260528    0.96525061
  0.02040628 -0.32495865 -0.01741263 -0.01643506  0.9997133   0.10753366
  0.          0.          0.          1.        ]","[ 0.96530926 -0.26080862  0.01252576  0.48806271  0.260528    0.96525061
  0.02040628 -0.32495865 -0.01741263 -0.01643506  0.9997133   0.10753366
  0.          0.          0.          1.        ]",0.0
0429,"[ 0.93756813 -0.34625721 -0.03274091  0.64602482  0.34498608  0.93780231
 -0.03887639 -0.41823769  0.04416573  0.0251541   0.99870747  0.08385349
  0.          0.          0.          1.        ]","[ 0.93756813 -0.34625721 -0.03274091  0.64602482  0.34498608  0.93780231
 -0.03887639 -0.41823769  0.04416573  0.0251541   0.99870747  0.08385349
  0.          0.          0.          1.        ]",0.0
0537,"[ 0.88112152 -0.46151415  0.10309952  0.94376421  0.47287485  0.8616364
 -0.18431526 -0.01963899 -0.00377021  0.21115732  0.97744483 -0.13212399
  0.          0.          0.          1.        ]","[ 0.88112152 -0.46151415  0.10309952  0.94376421  0.47287485  0.8616364
 -0.18431526 -0.01963899 -0.00377021  0.21115732  0.97744483 -0.13212399
  0.          0.          0.          1.        ]",0.0
0591,"[ 0.89880991 -0.42138731  0.12072043  0.92730039  0.4359194   0.83038855
 -0.34702909  0.26280057  0.0459888   0.3645376   0.93005234 -0.05806577
  0.          0.          0.          1.        ]","[ 0.89880991 -0.42138731  0.12072043  0.92730039  0.4359194   0.83038855
 -0.34702909  0.26280057  0.0459888   0.3645376   0.93005234 -0.05806577
  0.          0.          0.          1.        ]",0.0
0645,"[ 0.91008961 -0.41159296  0.04825065  1.21095324  0.40423381  0.85605502
 -0.32212552  0.48712736  0.09127939  0.31266764  0.94546658  0.25874841
  0.          0.          0.          1.        ]","[ 0.91008961 -0.41159296  0.04825065  1.21095324  0.40423381  0.85605502
 -0.32212552  0.48712736  0.09127939  0.31266764  0.94546658  0.25874841
  0.          0.          0.          1.        ]",0.0
0699,"[ 0.92787868 -0.36422706  0.07987366  1.37028003  0.37026048  0.87461197
 -0.3129873   0.45988467  0.04413997  0.31998828  0.94639271  0.1336548
  0.          0.          0.          1.        ]","[ 0.92787868 -0.36422706  0.07987366  1.37028003  0.37026048  0.87461197
 -0.3129873   0.45988467  0.04413997  0.31998828  0.94639271  0.1336548
  0.          0.          0.          1.        ]",0.0
0744,"[ 0.87579077 -0.45200312  0.16936263  1.42264938  0.48198617  0.79996032
 -0.35742533  0.42173147  0.02607394  0.39466023  0.91845709  0.10919224
  0.          0.          0.          1.        ]","[ 0.87579077 -0.45200312  0.16936263  1.42264938  0.48198617  0.79996032
 -0.35742533  0.42173147  0.02607394  0.39466023  0.91845709  0.10919224
  0.          0.          0.          1.        ]",0.0
0798,"[ 0.83130175 -0.54040039  0.13001855  1.43945861  0.54331505  0.74070871
 -0.39517006  0.51000637  0.11724417  0.39914659  0.90936011  0.17649369
  0.          0.          0.          1.        ]","[ 0.83130175 -0.54040039  0.13001855  1.43945861  0.54331505  0.74070871
 -0.39517006  0.51000637  0.11724417  0.39914659  0.90936011  0.17649369
  0.          0.          0.          1.        ]",0.0
0852,"[ 0.88569617 -0.46207258  0.04506909  1.56609869  0.43961093  0.80348706
 -0.40143588  0.35881573  0.14928007  0.37536308  0.91477758  0.19609991
  0.          0.          0.          1.        ]","[ 0.88569617 -0.46207258  0.04506909  1.56609869  0.43961093  0.80348706
 -0.40143588  0.35881573  0.14928007  0.37536308  0.91477758  0.19609991
  0.          0.          0.          1.        ]",0.0
0960,"[ 0.9285779  -0.37113389 -0.00165594  1.60550559  0.33337328  0.83604503
 -0.43576482  0.18793592  0.16311154  0.40408954  0.90005904  0.25796983
  0.          0.          0.          1.        ]","[ 0.9285779  -0.37113389 -0.00165594  1.60550559  0.33337328  0.83604503
 -0.43576482  0.18793592  0.16311154  0.40408954  0.90005904  0.25796983
  0.          0.          0.          1.        ]",0.0
1014,"[ 0.83367282 -0.52493209  0.1715692   1.67682981  0.52259058  0.64939618
 -0.55243438  0.73238063  0.17857412  0.55020994  0.81570846  0.0339959
  0.          0.          0.          1.        ]","[ 0.83367282 -0.52493209  0.1715692   1.67682981  0.52259058  0.64939618
 -0.55243438  0.73238063  0.17857412  0.55020994  0.81570846  0.0339959
  0.          0.          0.          1.        ]",0.0
1068,"[ 0.75024045 -0.59807622  0.28185841  1.63286769  0.62219703  0.4944613
 -0.6069423   0.92435551  0.22362962  0.63072407  0.7430861   0.12432605
  0.          0.          0.          1.        ]","[ 0.75024045 -0.59807622  0.28185841  1.63286769  0.62219703  0.4944613
 -0.6069423   0.92435551  0.22362962  0.63072407  0.7430861   0.12432605
  0.          0.          0.          1.        ]",0.0
1122,"[ 0.86608428 -0.49814081  0.04187745  2.04030609  0.42306626  0.68577003
 -0.59222835  0.54021251  0.26629481  0.53063661  0.80468118  0.19311541
  0.          0.          0.          1.        ]","[ 0.86608428 -0.49814081  0.04187745  2.04030609  0.42306626  0.68577003
 -0.59222835  0.54021251  0.26629481  0.53063661  0.80468118  0.19311541
  0.          0.          0.          1.        ]",0.0
1167,"[ 0.87270272 -0.4724701   0.12313411  2.11995912  0.4306525   0.62603617
 -0.6500901   0.48562425  0.23006177  0.62036335  0.74981385  0.09400815
  0.          0.          0.          1.        ]","[ 0.87270272 -0.4724701   0.12313411  2.11995912  0.4306525   0.62603617
 -0.6500901   0.48562425  0.23006177  0.62036335  0.74981385  0.09400815
  0.          0.          0.          1.        ]",0.0
1221,"[ 0.75381446 -0.59040558  0.28841823  2.08908558  0.59832251  0.43530464
 -0.67269611  1.19751656  0.27161372  0.67965519  0.68139184  0.20502459
  0.          0.          0.          1.        ]","[ 0.75381446 -0.59040558  0.28841823  2.08908558  0.59832251  0.43530464
 -0.67269611  1.19751656  0.27161372  0.67965519  0.68139184  0.20502459
  0.          0.          0.          1.        ]",0.0
1275,"[ 0.60980737 -0.69038987  0.38922599  2.09721112  0.68596029  0.21377164
 -0.69552869  1.73111033  0.39698043  0.69113213  0.60393953  0.71700096
  0.          0.          0.          1.        ]","[ 0.60980737 -0.69038987  0.38922599  2.09721112  0.68596029  0.21377164
 -0.69552869  1.73111033  0.39698043  0.69113213  0.60393953  0.71700096
  0.          0.          0.          1.        ]",0.0
1383,"[ 0.69738567 -0.70298463  0.13951984  2.35777426  0.60000795  0.46620291
 -0.65011173  1.57789838  0.391974    0.53709167  0.74691963  0.89276505
  0.          0.          0.          1.        ]","[ 0.69738567 -0.70298463  0.13951984  2.35777426  0.60000795  0.46620291
 -0.65011173  1.57789838  0.391974    0.53709167  0.74691963  0.89276505
  0.          0.          0.          1.        ]",0.0
1437,"[ 0.76069307 -0.6488179   0.01952897  2.61233997  0.52595055  0.59844935
 -0.60434628  1.46015716  0.38042355  0.46999326  0.79648244  0.96104336
  0.          0.          0.          1.        ]","[ 0.76069307 -0.6488179   0.01952897  2.61233997  0.52595055  0.59844935
 -0.60434628  1.46015716  0.38042355  0.46999326  0.79648244  0.96104336
  0.          0.          0.          1.        ]",0.0
1491,"[ 0.80890703 -0.5773989  -0.11081493  2.85085964  0.42479351  0.70428026
 -0.56880569  1.12440825  0.4064725   0.41303745  0.81497252  1.02294099
  0.          0.          0.          1.        ]","[ 0.80890703 -0.5773989  -0.11081493  2.85085964  0.42479351  0.70428026
 -0.56880569  1.12440825  0.4064725   0.41303745  0.81497252  1.02294099
  0.          0.          0.          1.        ]",0.0
1545,"[ 0.70783943 -0.70633239 -0.00760883  2.82778907  0.61025757  0.61691332
 -0.49699467  1.94608283  0.35573742  0.34714907  0.86772025  0.95456696
  0.          0.          0.          1.        ]","[ 0.70783943 -0.70633239 -0.00760883  2.82778907  0.61025757  0.61691332
 -0.49699467  1.94608283  0.35573742  0.34714907  0.86772025  0.95456696
  0.          0.          0.          1.        ]",0.0
