Image ID,Ground Truth Pose,Other Pose,Difference
0000,"[-4.e-08  4.e-08  1.e+00  1.e+01  1.e+00  0.e+00  4.e-08  0.e+00  0.e+00
  1.e+00 -4.e-08  0.e+00  0.e+00  0.e+00  0.e+00  1.e+00]","[-4.e-08  4.e-08  1.e+00  1.e+01  1.e+00  0.e+00  4.e-08  0.e+00  0.e+00
  1.e+00 -4.e-08  0.e+00  0.e+00  0.e+00  0.e+00  1.e+00]",0.0
0001,"[-9.51056480e-01  1.00000000e-08  3.09017030e-01  3.09016991e+00
  3.09017030e-01  4.00000000e-08  9.51056480e-01  9.51056480e+00
 -0.00000000e+00  1.00000000e+00 -4.00000000e-08  0.00000000e+00
  0.00000000e+00  0.00000000e+00  0.00000000e+00  1.00000000e+00]","[-9.51056480e-01  1.00000000e-08  3.09017030e-01  3.09016991e+00
  3.09017030e-01  4.00000000e-08  9.51056480e-01  9.51056480e+00
 -0.00000000e+00  1.00000000e+00 -4.00000000e-08  0.00000000e+00
  0.00000000e+00  0.00000000e+00  0.00000000e+00  1.00000000e+00]",0.0
0002,"[-5.87785420e-01 -2.50000000e-07 -8.09016880e-01 -8.09016991e+00
 -8.09016880e-01  1.40000000e-07  5.87785420e-01  5.87785244e+00
 -4.00000000e-08  1.00000000e+00 -2.80000000e-07  0.00000000e+00
  0.00000000e+00  0.00000000e+00  0.00000000e+00  1.00000000e+00]","[-5.87785420e-01 -2.50000000e-07 -8.09016880e-01 -8.09016991e+00
 -8.09016880e-01  1.40000000e-07  5.87785420e-01  5.87785244e+00
 -4.00000000e-08  1.00000000e+00 -2.80000000e-07  0.00000000e+00
  0.00000000e+00  0.00000000e+00  0.00000000e+00  1.00000000e+00]",0.0
0003,"[ 5.87785120e-01  1.00000000e-08 -8.09017060e-01 -8.09016991e+00
 -8.09017060e-01 -9.00000000e-08 -5.87785120e-01 -5.87785244e+00
 -7.00000000e-08  1.00000000e+00 -4.00000000e-08  0.00000000e+00
  0.00000000e+00  0.00000000e+00  0.00000000e+00  1.00000000e+00]","[ 5.87785120e-01  1.00000000e-08 -8.09017060e-01 -8.09016991e+00
 -8.09017060e-01 -9.00000000e-08 -5.87785120e-01 -5.87785244e+00
 -7.00000000e-08  1.00000000e+00 -4.00000000e-08  0.00000000e+00
  0.00000000e+00  0.00000000e+00  0.00000000e+00  1.00000000e+00]",0.0
0004,"[ 1.          0.          0.          3.09016991  0.          1.
  0.         -9.5105648   0.          0.          1.          0.
  0.          0.          0.          1.        ]","[ 1.          0.          0.          3.09016991  0.          1.
  0.         -9.5105648   0.          0.          1.          0.
  0.          0.          0.          1.        ]",0.0
