Image ID,Ground Truth Pose,Other Pose,Difference
0003,[1. 0. 0. 0. 0. 1. 0. 0. 0. 0. 1. 0. 0. 0. 0. 1.],"[ 7.07106721e-01  7.07106842e-01  0.00000000e+00 -1.22076120e-08
 -7.07106842e-01  7.07106721e-01  0.00000000e+00 -1.11030850e-08
  0.00000000e+00  0.00000000e+00  1.00000000e+00  0.00000000e+00
  0.00000000e+00  0.00000000e+00  0.00000000e+00  1.00000000e+00]",1.082392312018076
0002,"[ 3.09016949e-01 -3.38898072e-07 -9.51056563e-01  0.00000000e+00
  1.96734490e-08  1.00000000e+00 -3.34213281e-07  7.63932021e-01
  9.51056563e-01  7.51538617e-08  3.09016949e-01  0.00000000e+00
  0.00000000e+00  0.00000000e+00  0.00000000e+00  1.00000000e+00]","[ 2.18508006e-01  7.07106790e-01 -6.72498500e-01  3.15203066e-08
 -2.18507820e-01  7.07106772e-01  6.72498576e-01  7.63931995e-01
  9.51056553e-01 -1.40331530e-07  3.09016855e-01  0.00000000e+00
  0.00000000e+00  0.00000000e+00  0.00000000e+00  1.00000000e+00]",1.0823926545604154
0004,"[ 5.87785149e-01 -8.09017100e-01 -7.86893905e-08  7.26542533e-01
  8.78427643e-09 -8.01426030e-08  1.00000000e+00 -2.36067962e-01
 -8.09017100e-01 -5.87785149e-01 -4.48104924e-08  0.00000000e+00
  0.00000000e+00  0.00000000e+00  0.00000000e+00  1.00000000e+00]","[ 6.98401056e-01 -1.10615855e-01  7.07106844e-01  7.26542522e-01
 -6.98401184e-01  1.10615818e-01  7.07106718e-01 -2.36067931e-01
 -1.56434416e-01 -9.87688336e-01 -4.10718776e-08  0.00000000e+00
  0.00000000e+00  0.00000000e+00  0.00000000e+00  1.00000000e+00]",1.4736260293008645
0001,"[-8.09016936e-01 -1.05172223e-07 -5.87785334e-01  7.26542533e-01
 -3.31197722e-08  1.00000000e+00 -1.13505651e-07  9.99999984e-01
  5.87785334e-01 -7.64120694e-08 -8.09016936e-01  0.00000000e+00
  0.00000000e+00  0.00000000e+00  0.00000000e+00  1.00000000e+00]","[-5.72061247e-01  7.07106824e-01 -4.15627056e-01  7.26542540e-01
  5.72061491e-01  7.07106738e-01  4.15626855e-01  9.99999988e-01
  5.87785278e-01 -2.18855778e-07 -8.09016946e-01  0.00000000e+00
  0.00000000e+00  0.00000000e+00  0.00000000e+00  1.00000000e+00]",1.0823924004551986
0000,"[-8.09017123e-01 -5.51779845e-08  5.87785117e-01  1.17557052e+00
 -8.01426033e-08  1.00000000e+00 -3.12157268e-08  3.81966011e-01
 -5.87785117e-01 -7.71711764e-08 -8.09017123e-01  0.00000000e+00
  0.00000000e+00  0.00000000e+00  0.00000000e+00  1.00000000e+00]","[-5.72061391e-01  7.07106820e-01  4.15626867e-01  1.17557050e+00
  5.72061343e-01  7.07106742e-01 -4.15627040e-01  3.81966012e-01
 -5.87785274e-01 -1.26835140e-07 -8.09016944e-01  0.00000000e+00
  0.00000000e+00  0.00000000e+00  0.00000000e+00  1.00000000e+00]",1.0823923308899315
