Image ID,Ground Truth Pose,Other Pose,Difference
0003,[1. 0. 0. 0. 0. 1. 0. 0. 0. 0. 1. 0. 0. 0. 0. 1.],"[ 7.07106732e-01  7.07106831e-01  0.00000000e+00  1.12755083e-08
 -7.07106831e-01  7.07106732e-01  0.00000000e+00 -2.53920365e-08
  0.00000000e+00  0.00000000e+00  1.00000000e+00  0.00000000e+00
  0.00000000e+00  0.00000000e+00  0.00000000e+00  1.00000000e+00]",1.0823922919948827
0002,"[ 3.09016949e-01 -3.38898072e-07 -9.51056563e-01  0.00000000e+00
  1.96734490e-08  1.00000000e+00 -3.34213281e-07  7.63932021e-01
  9.51056563e-01  7.51538617e-08  3.09016949e-01  0.00000000e+00
  0.00000000e+00  0.00000000e+00  0.00000000e+00  1.00000000e+00]","[ 2.18507807e-01  7.07106725e-01 -6.72498618e-01  2.53137171e-09
 -2.18507789e-01  7.07106837e-01  6.72498517e-01  7.63932033e-01
  9.51056595e-01  1.35882718e-08  3.09016692e-01  0.00000000e+00
  0.00000000e+00  0.00000000e+00  0.00000000e+00  1.00000000e+00]",1.0823925375585421
0004,"[ 5.87785149e-01 -8.09017100e-01 -7.86893905e-08  7.26542533e-01
  8.78427643e-09 -8.01426030e-08  1.00000000e+00 -2.36067962e-01
 -8.09017100e-01 -5.87785149e-01 -4.48104924e-08  0.00000000e+00
  0.00000000e+00  0.00000000e+00  0.00000000e+00  1.00000000e+00]","[ 6.98401071e-01 -1.10615822e-01  7.07106833e-01  7.26542510e-01
 -6.98401191e-01  1.10615784e-01  7.07106729e-01 -2.36067938e-01
 -1.56434369e-01 -9.87688352e-01 -4.10718777e-08  0.00000000e+00
  0.00000000e+00  0.00000000e+00  0.00000000e+00  1.00000000e+00]",1.4736260648017605
0001,"[-8.09016936e-01 -1.05172223e-07 -5.87785334e-01  7.26542533e-01
 -3.31197722e-08  1.00000000e+00 -1.13505651e-07  9.99999984e-01
  5.87785334e-01 -7.64120694e-08 -8.09016936e-01  0.00000000e+00
  0.00000000e+00  0.00000000e+00  0.00000000e+00  1.00000000e+00]","[-5.72061247e-01  7.07106886e-01 -4.15626948e-01  7.26542535e-01
  5.72061541e-01  7.07106676e-01  4.15626913e-01  9.99999969e-01
  5.87785242e-01 -1.44042923e-07 -8.09016982e-01  0.00000000e+00
  0.00000000e+00  0.00000000e+00  0.00000000e+00  1.00000000e+00]",1.0823925235697738
0000,"[-8.09017123e-01 -5.51779845e-08  5.87785117e-01  1.17557052e+00
 -8.01426033e-08  1.00000000e+00 -3.12157268e-08  3.81966011e-01
 -5.87785117e-01 -7.71711764e-08 -8.09017123e-01  0.00000000e+00
  0.00000000e+00  0.00000000e+00  0.00000000e+00  1.00000000e+00]","[-5.72061456e-01  7.07106827e-01  4.15626755e-01  1.17557052e+00
  5.72061458e-01  7.07106736e-01 -4.15626924e-01  3.81966015e-01
 -5.87785113e-01 -1.00333179e-07 -8.09017071e-01  0.00000000e+00
  0.00000000e+00  0.00000000e+00  0.00000000e+00  1.00000000e+00]",1.0823923566273537
