Image ID,Ground Truth Pose,Other Pose,Difference
0000,"[-7.07106770e-01 -2.00000000e-08  7.07106770e-01  7.07106686e+00
  7.07106770e-01  9.00000000e-08  7.07106770e-01  7.07106829e+00
 -8.00000000e-08  1.00000000e+00 -4.00000000e-08  0.00000000e+00
  0.00000000e+00  0.00000000e+00  0.00000000e+00  1.00000000e+00]","[-7.07106770e-01 -2.00000000e-08  7.07106770e-01  7.07106686e+00
  7.07106770e-01  9.00000000e-08  7.07106770e-01  7.07106829e+00
 -8.00000000e-08  1.00000000e+00 -4.00000000e-08  0.00000000e+00
  0.00000000e+00  0.00000000e+00  0.00000000e+00  1.00000000e+00]",0.0
0001,"[-8.91006470e-01 -0.00000000e+00 -4.53990580e-01 -4.53990555e+00
 -4.53990580e-01  1.80000000e-07  8.91006470e-01  8.91006470e+00
  8.00000000e-08  1.00000000e+00 -1.60000000e-07  0.00000000e+00
  0.00000000e+00  0.00000000e+00  0.00000000e+00  1.00000000e+00]","[-8.91006470e-01 -0.00000000e+00 -4.53990580e-01 -4.53990555e+00
 -4.53990580e-01  1.80000000e-07  8.91006470e-01  8.91006470e+00
  8.00000000e-08  1.00000000e+00 -1.60000000e-07  0.00000000e+00
  0.00000000e+00  0.00000000e+00  0.00000000e+00  1.00000000e+00]",0.0
0002,"[ 1.56434370e-01 -6.00000000e-08 -9.87688360e-01 -9.87688255e+00
 -9.87688360e-01  1.10000000e-07 -1.56434370e-01 -1.56434536e+00
  1.20000000e-07  1.00000000e+00 -4.00000000e-08  0.00000000e+00
  0.00000000e+00  0.00000000e+00  0.00000000e+00  1.00000000e+00]","[ 1.56434370e-01 -6.00000000e-08 -9.87688360e-01 -9.87688255e+00
 -9.87688360e-01  1.10000000e-07 -1.56434370e-01 -1.56434536e+00
  1.20000000e-07  1.00000000e+00 -4.00000000e-08  0.00000000e+00
  0.00000000e+00  0.00000000e+00  0.00000000e+00  1.00000000e+00]",0.0
0003,"[ 9.87688360e-01 -1.00000000e-08 -1.56434420e-01 -1.56434393e+00
 -1.56434420e-01 -4.00000000e-08 -9.87688360e-01 -9.87688351e+00
  0.00000000e+00  1.00000000e+00 -4.00000000e-08  0.00000000e+00
  0.00000000e+00  0.00000000e+00  0.00000000e+00  1.00000000e+00]","[ 9.87688360e-01 -1.00000000e-08 -1.56434420e-01 -1.56434393e+00
 -1.56434420e-01 -4.00000000e-08 -9.87688360e-01 -9.87688351e+00
  0.00000000e+00  1.00000000e+00 -4.00000000e-08  0.00000000e+00
  0.00000000e+00  0.00000000e+00  0.00000000e+00  1.00000000e+00]",0.0
0004,"[ 1.          0.          0.          8.9100647   0.          1.
  0.         -4.53990364  0.          0.          1.          0.
  0.          0.          0.          1.        ]","[ 1.          0.          0.          8.9100647   0.          1.
  0.         -4.53990364  0.          0.          1.          0.
  0.          0.          0.          1.        ]",0.0
