Image ID,Ground Truth Pose,Other Pose,Difference
0000,"[-7.07106950e-01  0.00000000e+00  7.07106590e-01  4.94974709e+00
  7.07106590e-01  6.00000000e-08  7.07106950e-01  4.94974804e+00
 -4.00000000e-08  1.00000000e+00 -4.00000000e-08  0.00000000e+00
  0.00000000e+00  0.00000000e+00  0.00000000e+00  1.00000000e+00]","[-7.07106950e-01  0.00000000e+00  7.07106590e-01  4.94974709e+00
  7.07106590e-01  6.00000000e-08  7.07106950e-01  4.94974804e+00
 -4.00000000e-08  1.00000000e+00 -4.00000000e-08  0.00000000e+00
  0.00000000e+00  0.00000000e+00  0.00000000e+00  1.00000000e+00]",0.0
0001,"[-8.91006470e-01  9.00000000e-08 -4.53990580e-01 -3.17793369e+00
 -4.53990580e-01  9.00000000e-08  8.91006470e-01  6.23704529e+00
  1.20000000e-07  1.00000000e+00 -4.00000000e-08  0.00000000e+00
  0.00000000e+00  0.00000000e+00  0.00000000e+00  1.00000000e+00]","[-8.91006470e-01  9.00000000e-08 -4.53990580e-01 -3.17793369e+00
 -4.53990580e-01  9.00000000e-08  8.91006470e-01  6.23704529e+00
  1.20000000e-07  1.00000000e+00 -4.00000000e-08  0.00000000e+00
  0.00000000e+00  0.00000000e+00  0.00000000e+00  1.00000000e+00]",0.0
0002,"[ 1.56434250e-01 -1.60000000e-07 -9.87688360e-01 -6.91381836e+00
 -9.87688360e-01 -3.00000000e-08 -1.56434250e-01 -1.09504151e+00
  0.00000000e+00  1.00000000e+00 -1.60000000e-07  0.00000000e+00
  0.00000000e+00  0.00000000e+00  0.00000000e+00  1.00000000e+00]","[ 1.56434250e-01 -1.60000000e-07 -9.87688360e-01 -6.91381836e+00
 -9.87688360e-01 -3.00000000e-08 -1.56434250e-01 -1.09504151e+00
  0.00000000e+00  1.00000000e+00 -1.60000000e-07  0.00000000e+00
  0.00000000e+00  0.00000000e+00  0.00000000e+00  1.00000000e+00]",0.0
0003,"[ 9.87688360e-01 -1.00000000e-08 -1.56434370e-01 -1.09504056e+00
 -1.56434370e-01 -4.00000000e-08 -9.87688360e-01 -6.91381836e+00
  1.00000000e-08  1.00000000e+00 -4.00000000e-08  0.00000000e+00
  0.00000000e+00  0.00000000e+00  0.00000000e+00  1.00000000e+00]","[ 9.87688360e-01 -1.00000000e-08 -1.56434370e-01 -1.09504056e+00
 -1.56434370e-01 -4.00000000e-08 -9.87688360e-01 -6.91381836e+00
  1.00000000e-08  1.00000000e+00 -4.00000000e-08  0.00000000e+00
  0.00000000e+00  0.00000000e+00  0.00000000e+00  1.00000000e+00]",0.0
0004,"[ 1.          0.          0.          6.23704529  0.          1.
  0.         -3.17793274  0.          0.          1.          0.
  0.          0.          0.          1.        ]","[ 1.          0.          0.          6.23704529  0.          1.
  0.         -3.17793274  0.          0.          1.          0.
  0.          0.          0.          1.        ]",0.0
