Image ID,Ground Truth Pose,Other Pose,Difference
0003,[1. 0. 0. 0. 0. 1. 0. 0. 0. 0. 1. 0. 0. 0. 0. 1.],"[ 1.00000000e+00  1.97970344e-17  0.00000000e+00  4.56815097e-09
 -1.97970345e-17  1.00000000e+00  0.00000000e+00 -3.40916784e-09
  0.00000000e+00  0.00000000e+00  1.00000000e+00  0.00000000e+00
  0.00000000e+00  0.00000000e+00  0.00000000e+00  1.00000000e+00]",5.700037597446116e-09
0002,"[ 3.09016949e-01 -3.38898072e-07 -9.51056563e-01  0.00000000e+00
  1.96734490e-08  1.00000000e+00 -3.34213281e-07  7.63932021e-01
  9.51056563e-01  7.51538617e-08  3.09016949e-01  0.00000000e+00
  0.00000000e+00  0.00000000e+00  0.00000000e+00  1.00000000e+00]","[ 3.09017188e-01 -1.13956499e-07 -9.51056440e-01  4.56815098e-09
  1.96734607e-08  1.00000000e+00 -9.42132633e-08  7.63932025e-01
  9.51056440e-01  3.73053358e-09  3.09017188e-01  0.00000000e+00
  0.00000000e+00  0.00000000e+00  0.00000000e+00  1.00000000e+00]",5.072795079693008e-07
0004,"[ 5.87785149e-01 -8.09017100e-01 -7.86893905e-08  7.26542533e-01
  8.78427643e-09 -8.01426030e-08  1.00000000e+00 -2.36067962e-01
 -8.09017100e-01 -5.87785149e-01 -4.48104924e-08  0.00000000e+00
  0.00000000e+00  0.00000000e+00  0.00000000e+00  1.00000000e+00]","[ 5.87785149e-01 -8.09017100e-01 -7.86893905e-08  7.26542525e-01
  8.78427642e-09 -8.01426029e-08  1.00000000e+00 -2.36067967e-01
 -8.09017100e-01 -5.87785149e-01 -4.48104924e-08  0.00000000e+00
  0.00000000e+00  0.00000000e+00  0.00000000e+00  1.00000000e+00]",8.9801572674098e-09
0001,"[-8.09016936e-01 -1.05172223e-07 -5.87785334e-01  7.26542533e-01
 -3.31197722e-08  1.00000000e+00 -1.13505651e-07  9.99999984e-01
  5.87785334e-01 -7.64120694e-08 -8.09016936e-01  0.00000000e+00
  0.00000000e+00  0.00000000e+00  0.00000000e+00  1.00000000e+00]","[-8.09016936e-01 -6.54154734e-08 -5.87785334e-01  7.26542525e-01
 -7.31197721e-08  1.00000000e+00  6.49434916e-09  9.99999989e-01
  5.87785334e-01  3.89976425e-08 -8.09016936e-01  0.00000000e+00
  0.00000000e+00  0.00000000e+00  0.00000000e+00  1.00000000e+00]",1.7601319258808037e-07
0000,"[-8.09017123e-01 -5.51779845e-08  5.87785117e-01  1.17557052e+00
 -8.01426033e-08  1.00000000e+00 -3.12157268e-08  3.81966011e-01
 -5.87785117e-01 -7.71711764e-08 -8.09017123e-01  0.00000000e+00
  0.00000000e+00  0.00000000e+00  0.00000000e+00  1.00000000e+00]","[-8.09017123e-01 -5.51779845e-08  5.87785117e-01  1.17557052e+00
 -8.01426033e-08  1.00000000e+00 -3.12157268e-08  3.81966011e-01
 -5.87785117e-01 -7.71711764e-08 -8.09017123e-01  0.00000000e+00
  0.00000000e+00  0.00000000e+00  0.00000000e+00  1.00000000e+00]",5.4841451380127645e-09
