{"world_mat_0060": [[638.6053769994229, 284.39459763100746, -25.526067070819437, 202.84977562224864], [-35.36152149008214, 297.5670471651405, -585.2518382855355, 131.4147551971972], [0.08284827321767807, 0.9912265539169312, 0.1029859334230423, 0.5202276706695557], [0.0, 0.0, 0.0, 1.0]], "K_0060": [[615.635, 0.0, 332.178], [0.0, 615.31, 231.754], [0.0, 0.0, 1.0]], "Rt_0060": [[0.9926092624664307, -0.07288256287574768, -0.09703107923269272, 0.04879772663116455], [-0.0886739045381546, 0.1102636530995369, -0.9899387955665588, 0.017633244395256042], [0.08284827321767807, 0.9912265539169312, 0.1029859334230423, 0.5202276706695557]], "scale_mat_0060": [[0.159712506531267, 0.0, 0.0, -0.0008369733904771056], [0.0, 0.159712506531267, 0.0, -0.0009879017091491526], [0.0, 0.0, 0.159712506531267, -0.004103972567827438], [0.0, 0.0, 0.0, 1.0]], "world_mat_0062": [[639.5661631688922, 281.90404287856074, -28.877153640590606, 204.33739356529713], [-41.66697250092029, 308.2783875930309, -579.2621394116877, 131.9021081162095], [0.08894508332014084, 0.9888112545013428, 0.11975419521331787, 0.5234389901161194], [0.0, 0.0, 0.0, 1.0]], "K_0062": [[615.635, 0.0, 332.178], [0.0, 615.31, 231.754], [0.0, 0.0, 1.0]], "Rt_0062": [[0.9908802509307861, -0.07562484592199326, -0.11152202636003494, 0.04948139190673828], [-0.1012178435921669, 0.12858140468597412, -0.9865200519561768, 0.017215758562088013], [0.08894508332014084, 0.9888112545013428, 0.11975419521331787, 0.5234389901161194]], "scale_mat_0062": [[0.159712506531267, 0.0, 0.0, -0.0008369733904771056], [0.0, 0.159712506531267, 0.0, -0.0009879017091491526], [0.0, 0.0, 0.159712506531267, -0.004103972567827438], [0.0, 0.0, 0.0, 1.0]], "world_mat_0064": [[639.8595690519363, 281.0975554606393, -30.20875733653456, 205.7607072339058], [-45.50700210034847, 315.663492441982, -574.9799896911085, 132.06626742067934], [0.09172949939966202, 0.9870540499687195, 0.13156737387180328, 0.5262143611907959], [0.0, 0.0, 0.0, 1.0]], "K_0064": [[615.635, 0.0, 332.178], [0.0, 615.31, 231.754], [0.0, 0.0, 1.0]], "Rt_0064": [[0.9898544549942017, -0.07598672062158585, -0.12005903571844101, 0.05029582977294922], [-0.10850738734006882, 0.141245499253273, -0.9840101003646851, 0.016437217593193054], [0.09172949939966202, 0.9870540499687195, 0.13156737387180328, 0.5262143611907959]], "scale_mat_0064": [[0.159712506531267, 0.0, 0.0, -0.0008369733904771056], [0.0, 0.159712506531267, 0.0, -0.0009879017091491526], [0.0, 0.0, 0.159712506531267, -0.004103972567827438], [0.0, 0.0, 0.0, 1.0]], "world_mat_0066": [[641.635177101776, 277.10026079321653, -29.46945583117008, 207.09795906817914], [-48.28008308795095, 329.3076285879612, -567.0465746921896, 132.14291213232278], [0.10022559016942978, 0.9830294251441956, 0.15364906191825867, 0.5288965702056885], [0.0, 0.0, 0.0, 1.0]], "K_0066": [[615.635, 0.0, 332.178], [0.0, 615.31, 231.754], [0.0, 0.0, 1.0]], "Rt_0066": [[0.988154411315918, -0.08030811697244644, -0.13077276945114136, 0.05102074146270752], [-0.11621420830488205, 0.16493576765060425, -0.9794337153434753, 0.015551537275314331], [0.10022559016942978, 0.9830294251441956, 0.15364906191825867, 0.5288965702056885]], "scale_mat_0066": [[0.159712506531267, 0.0, 0.0, -0.0008369733904771056], [0.0, 0.159712506531267, 0.0, -0.0009879017091491526], [0.0, 0.0, 0.159712506531267, -0.004103972567827438], [0.0, 0.0, 0.0, 1.0]], "world_mat_0068": [[642.5811286556423, 274.8376923465878, -30.040116636872288, 208.3972315530777], [-51.98919366480409, 340.43838455599547, -560.1028114693463, 131.9247396760583], [0.10606111586093903, 0.9794245958328247, 0.17169295251369476, 0.5321285724639893], [0.0, 0.0, 0.0, 1.0]], "K_0068": [[615.635, 0.0, 332.178], [0.0, 615.31, 231.754], [0.0, 0.0, 1.0]], "Rt_0068": [[0.986542284488678, -0.08203823864459991, -0.1414356529712677, 0.05138731002807617], [-0.12444017082452774, 0.18438318371772766, -0.9749448895454407, 0.01397964358329773], [0.10606111586093903, 0.9794245958328247, 0.17169295251369476, 0.5321285724639893]], "scale_mat_0068": [[0.159712506531267, 0.0, 0.0, -0.0008369733904771056], [0.0, 0.159712506531267, 0.0, -0.0009879017091491526], [0.0, 0.0, 0.159712506531267, -0.004103972567827438], [0.0, 0.0, 0.0, 1.0]], "world_mat_0070": [[642.5051749483496, 274.8311672830954, -31.679360229790205, 209.29420622611045], [-56.95360693641007, 349.3922087529301, -554.0737211874723, 132.15227035772799], [0.10850388556718826, 0.9764775633811951, 0.1863289475440979, 0.5350135564804077], [0.0, 0.0, 0.0, 1.0]], "K_0070": [[615.635, 0.0, 332.178], [0.0, 615.31, 231.754], [0.0, 0.0, 1.0]], "Rt_0070": [[0.9851008653640747, -0.08045870810747147, -0.1519954800605774, 0.05128765106201172], [-0.13342837989330292, 0.2000449001789093, -0.9706590175628662, 0.013262808322906494], [0.10850388556718826, 0.9764775633811951, 0.1863289475440979, 0.5350135564804077]], "scale_mat_0070": [[0.159712506531267, 0.0, 0.0, -0.0008369733904771056], [0.0, 0.159712506531267, 0.0, -0.0009879017091491526], [0.0, 0.0, 0.159712506531267, -0.004103972567827438], [0.0, 0.0, 0.0, 1.0]], "world_mat_0072": [[642.5063822156935, 274.7346958291084, -32.48151165167987, 210.1507438442111], [-58.87617401249707, 352.6628659988344, -551.7959885723293, 132.92982162445784], [0.10964665561914444, 0.9753201007843018, 0.19164623320102692, 0.5375641584396362], [0.0, 0.0, 0.0, 1.0]], "K_0072": [[615.635, 0.0, 332.178], [0.0, 615.31, 231.754], [0.0, 0.0, 1.0]], "Rt_0072": [[0.9844862222671509, -0.07999087870121002, -0.15616749227046967, 0.05130273103713989], [-0.13698334991931915, 0.20579631626605988, -0.9689599871635437, 0.013565808534622192], [0.10964665561914444, 0.9753201007843018, 0.19164623320102692, 0.5375641584396362]], "scale_mat_0072": [[0.159712506531267, 0.0, 0.0, -0.0008369733904771056], [0.0, 0.159712506531267, 0.0, -0.0009879017091491526], [0.0, 0.0, 0.159712506531267, -0.004103972567827438], [0.0, 0.0, 0.0, 1.0]], "world_mat_0074": [[638.7025033245981, 283.2049163616486, -34.680663806825876, 211.05055892288684], [-74.55041674301027, 374.4055449009239, -535.3307741873859, 133.9536016666889], [0.1034226268529892, 0.9677882194519043, 0.2295423448085785, 0.5406033992767334], [0.0, 0.0, 0.0, 1.0]], "K_0074": [[615.635, 0.0, 332.178], [0.0, 615.31, 231.754], [0.0, 0.0, 1.0]], "Rt_0074": [[0.9816657304763794, -0.06216839328408241, -0.18018725514411926, 0.0511244535446167], [-0.16011282801628113, 0.24396930634975433, -0.9564741849899292, 0.014084935188293457], [0.1034226268529892, 0.9677882194519043, 0.2295423448085785, 0.5406033992767334]], "scale_mat_0074": [[0.159712506531267, 0.0, 0.0, -0.0008369733904771056], [0.0, 0.159712506531267, 0.0, -0.0009879017091491526], [0.0, 0.0, 0.159712506531267, -0.004103972567827438], [0.0, 0.0, 0.0, 1.0]], "world_mat_0076": [[633.6015039987266, 294.2414796070717, -36.32835904446244, 211.44174612796306], [-94.38077074918151, 401.66218149882553, -511.93366397804016, 135.013012614578], [0.09659092128276825, 0.9553946852684021, 0.279090017080307, 0.5431092977523804], [0.0, 0.0, 0.0, 1.0]], "K_0076": [[615.635, 0.0, 332.178], [0.0, 615.31, 231.754], [0.0, 0.0, 1.0]], "Rt_0076": [[0.977066159248352, -0.037554096430540085, -0.2095980942249298, 0.0504077672958374], [-0.18976792693138123, 0.29293468594551086, -0.9371111989021301, 0.014862850308418274], [0.09659092128276825, 0.9553946852684021, 0.279090017080307, 0.5431092977523804]], "scale_mat_0076": [[0.159712506531267, 0.0, 0.0, -0.0008369733904771056], [0.0, 0.159712506531267, 0.0, -0.0009879017091491526], [0.0, 0.0, 0.159712506531267, -0.004103972567827438], [0.0, 0.0, 0.0, 1.0]], "world_mat_0078": [[627.1809067851455, 307.7402309003528, -35.89926640556754, 212.4474022836089], [-118.30828788812455, 435.48900399547813, -478.19324169945713, 136.79438659089803], [0.09076020866632462, 0.9345694184303284, 0.34400951862335205, 0.5478150844573975], [0.0, 0.0, 0.0, 1.0]], "K_0078": [[615.635, 0.0, 332.178], [0.0, 615.31, 231.754], [0.0, 0.0, 1.0]], "Rt_0078": [[0.9697830080986023, -0.004390863701701164, -0.2439296990633011, 0.04950219392776489], [-0.22645874321460724, 0.35575369000434875, -0.9067280292510986, 0.01598551869392395], [0.09076020866632462, 0.9345694184303284, 0.34400951862335205, 0.5478150844573975]], "scale_mat_0078": [[0.159712506531267, 0.0, 0.0, -0.0008369733904771056], [0.0, 0.159712506531267, 0.0, -0.0009879017091491526], [0.0, 0.0, 0.159712506531267, -0.004103972567827438], [0.0, 0.0, 0.0, 1.0]], "world_mat_0080": [[623.8958615743369, 314.4966292733382, -34.56139407452941, 212.44752741485834], [-130.4216538272053, 453.1585308988094, -458.2072152430415, 137.74949566572903], [0.0892556831240654, 0.9208645224571228, 0.37952861189842224, 0.5503237247467041], [0.0, 0.0, 0.0, 1.0]], "K_0080": [[615.635, 0.0, 332.178], [0.0, 615.31, 231.754], [0.0, 0.0, 1.0]], "Rt_0080": [[0.965258777141571, 0.013978565111756325, -0.26092156767845154, 0.04814881086349487], [-0.24557867646217346, 0.38963204622268677, -0.8876249194145203, 0.01659289002418518], [0.0892556831240654, 0.9208645224571228, 0.37952861189842224, 0.5503237247467041]], "scale_mat_0080": [[0.159712506531267, 0.0, 0.0, -0.0008369733904771056], [0.0, 0.159712506531267, 0.0, -0.0009879017091491526], [0.0, 0.0, 0.159712506531267, -0.004103972567827438], [0.0, 0.0, 0.0, 1.0]], "world_mat_0082": [[619.9622288930715, 322.451202582702, -31.94898087549208, 212.59431908291577], [-142.34621248981355, 469.00177793759104, -438.2820928137898, 138.96460489979387], [0.08562906086444855, 0.906494677066803, 0.4134429395198822, 0.5530401468276978], [0.0, 0.0, 0.0, 1.0]], "K_0082": [[615.635, 0.0, 332.178], [0.0, 615.31, 231.754], [0.0, 0.0, 1.0]], "Rt_0082": [[0.96082603931427, 0.03465302288532257, -0.27497726678848267, 0.04692155122756958], [-0.2635924816131592, 0.4207927882671356, -0.8680163621902466, 0.01754455268383026], [0.08562906086444855, 0.906494677066803, 0.4134429395198822, 0.5530401468276978]], "scale_mat_0082": [[0.159712506531267, 0.0, 0.0, -0.0008369733904771056], [0.0, 0.159712506531267, 0.0, -0.0009879017091491526], [0.0, 0.0, 0.159712506531267, -0.004103972567827438], [0.0, 0.0, 0.0, 1.0]], "world_mat_0084": [[616.1867256697267, 329.9678181309961, -27.99742626774312, 211.96363939380646], [-153.64847310550508, 484.87908370894195, -416.65419291698936, 139.69015680763124], [0.08297469466924667, 0.8898218274116516, 0.4487007260322571, 0.5550808906555176], [0.0, 0.0, 0.0, 1.0]], "K_0084": [[615.635, 0.0, 332.178], [0.0, 615.31, 231.754], [0.0, 0.0, 1.0]], "Rt_0084": [[0.9561255574226379, 0.05585872009396553, -0.2875826358795166, 0.044795989990234375], [-0.28096112608909607, 0.4528762996196747, -0.8461464643478394, 0.017955079674720764], [0.08297469466924667, 0.8898218274116516, 0.4487007260322571, 0.5550808906555176]], "scale_mat_0084": [[0.159712506531267, 0.0, 0.0, -0.0008369733904771056], [0.0, 0.159712506531267, 0.0, -0.0009879017091491526], [0.0, 0.0, 0.159712506531267, -0.004103972567827438], [0.0, 0.0, 0.0, 1.0]], "world_mat_0086": [[612.6784369399995, 336.87983239925654, -22.04040485212207, 212.04499097275735], [-164.0770953287631, 501.23629705989356, -392.6285773120522, 140.62027317667005], [0.08132227510213852, 0.8699638247489929, 0.4863637387752533, 0.5572108030319214], [0.0, 0.0, 0.0, 1.0]], "K_0086": [[615.635, 0.0, 332.178], [0.0, 615.31, 231.754], [0.0, 0.0, 1.0]], "Rt_0086": [[0.9513185024261475, 0.07780095189809799, -0.2982282340526581, 0.04377889633178711], [-0.29728731513023376, 0.4869394302368164, -0.8212857246398926, 0.01866447925567627], [0.08132227510213852, 0.8699638247489929, 0.4863637387752533, 0.5572108030319214]], "scale_mat_0086": [[0.159712506531267, 0.0, 0.0, -0.0008369733904771056], [0.0, 0.159712506531267, 0.0, -0.0009879017091491526], [0.0, 0.0, 0.159712506531267, -0.004103972567827438], [0.0, 0.0, 0.0, 1.0]], "world_mat_0088": [[610.9646332121491, 340.23345899378506, -17.66547373110055, 211.68838343638183], [-169.03693615210054, 510.1417086536884, -378.8116367168426, 141.9428405969739], [0.08063998818397522, 0.8578671813011169, 0.5075047612190247, 0.5588493347167969], [0.0, 0.0, 0.0, 1.0]], "K_0088": [[615.635, 0.0, 332.178], [0.0, 615.31, 231.754], [0.0, 0.0, 1.0]], "Rt_0088": [[0.9489028453826904, 0.08977536112070084, -0.30252891778945923, 0.042315542697906494], [-0.3050910532474518, 0.5059686303138733, -0.8067931532859802, 0.020196765661239624], [0.08063998818397522, 0.8578671813011169, 0.5075047612190247, 0.5588493347167969]], "scale_mat_0088": [[0.159712506531267, 0.0, 0.0, -0.0008369733904771056], [0.0, 0.159712506531267, 0.0, -0.0009879017091491526], [0.0, 0.0, 0.159712506531267, -0.004103972567827438], [0.0, 0.0, 0.0, 1.0]], "world_mat_0090": [[605.6466339907795, 349.95781695150583, -8.387512262254953, 210.80809683674573], [-182.95585381709037, 528.315009540677, -346.0154992021322, 144.80048813593388], [0.0773606076836586, 0.828601062297821, 0.5544687509536743, 0.5618070363998413], [0.0, 0.0, 0.0, 1.0]], "K_0090": [[615.635, 0.0, 332.178], [0.0, 615.31, 231.754], [0.0, 0.0, 1.0]], "Rt_0090": [[0.9420340657234192, 0.1213621273636818, -0.31279870867729187, 0.039289772510528564], [-0.3264768719673157, 0.5465267896652222, -0.7711817622184753, 0.023726999759674072], [0.0773606076836586, 0.828601062297821, 0.5544687509536743, 0.5618070363998413]], "scale_mat_0090": [[0.159712506531267, 0.0, 0.0, -0.0008369733904771056], [0.0, 0.159712506531267, 0.0, -0.0009879017091491526], [0.0, 0.0, 0.159712506531267, -0.004103972567827438], [0.0, 0.0, 0.0, 1.0]], "world_mat_0092": [[601.6927984774857, 356.8006577517986, -2.7792217049598666, 210.5990547876954], [-194.8401783313602, 541.8582516009807, -317.4007555942535, 147.48737248820066], [0.07892344146966934, 0.8025040030479431, 0.5914037227630615, 0.5643545389175415], [0.0, 0.0, 0.0, 1.0]], "K_0092": [[615.635, 0.0, 332.178], [0.0, 615.31, 231.754], [0.0, 0.0, 1.0]], "Rt_0092": [[0.9347684383392334, 0.14655840396881104, -0.32361793518066406, 0.03757566213607788], [-0.3463798761367798, 0.5783665776252747, -0.7385885715484619, 0.027134209871292114], [0.07892344146966934, 0.8025040030479431, 0.5914037227630615, 0.5643545389175415]], "scale_mat_0092": [[0.159712506531267, 0.0, 0.0, -0.0008369733904771056], [0.0, 0.159712506531267, 0.0, -0.0009879017091491526], [0.0, 0.0, 0.159712506531267, -0.004103972567827438], [0.0, 0.0, 0.0, 1.0]], "world_mat_0094": [[599.0472486019432, 361.2340104839653, -1.0239767698645563, 210.44496676754952], [-204.7705549727976, 551.8606590554714, -292.9763885489702, 149.86989661133288], [0.08499158918857574, 0.780376136302948, 0.6195074915885925, 0.5661317110061646], [0.0, 0.0, 0.0, 1.0]], "K_0094": [[615.635, 0.0, 332.178], [0.0, 615.31, 231.754], [0.0, 0.0, 1.0]], "Rt_0094": [[0.9271969795227051, 0.16569919884204865, -0.3359307646751404, 0.03636646270751953], [-0.3648042380809784, 0.6029568314552307, -0.7094793319702148, 0.03033691644668579], [0.08499158918857574, 0.780376136302948, 0.6195074915885925, 0.5661317110061646]], "scale_mat_0094": [[0.159712506531267, 0.0, 0.0, -0.0008369733904771056], [0.0, 0.159712506531267, 0.0, -0.0009879017091491526], [0.0, 0.0, 0.159712506531267, -0.004103972567827438], [0.0, 0.0, 0.0, 1.0]], "world_mat_0096": [[597.9253170244695, 363.08816213691233, -0.9814305216073973, 210.37640637862683], [-209.29587423747776, 555.9262393189669, -281.88218172252175, 152.70106326395273], [0.08875644207000732, 0.7704131603240967, 0.6313365697860718, 0.568137526512146], [0.0, 0.0, 0.0, 1.0]], "K_0096": [[615.635, 0.0, 332.178], [0.0, 615.31, 231.754], [0.0, 0.0, 1.0]], "Rt_0096": [[0.9233431816101074, 0.17408668994903564, -0.3422442674636841, 0.03517282009124756], [-0.3735767900943756, 0.6133167147636414, -0.6959044337272644, 0.03418263792991638], [0.08875644207000732, 0.7704131603240967, 0.6313365697860718, 0.568137526512146]], "scale_mat_0096": [[0.159712506531267, 0.0, 0.0, -0.0008369733904771056], [0.0, 0.159712506531267, 0.0, -0.0009879017091491526], [0.0, 0.0, 0.159712506531267, -0.004103972567827438], [0.0, 0.0, 0.0, 1.0]], "world_mat_0098": [[590.7529143603296, 374.6253576398641, 3.9376046005189513, 210.4440682018399], [-223.33158027793465, 560.4184628766775, -261.47746552264687, 155.16541831064222], [0.0813947543501854, 0.7514593005180359, 0.654739499092102, 0.5696512460708618], [0.0, 0.0, 0.0, 1.0]], "K_0098": [[615.635, 0.0, 332.178], [0.0, 615.31, 231.754], [0.0, 0.0, 1.0]], "Rt_0098": [[0.9156649112701416, 0.20305393636226654, -0.34688159823417664, 0.0344659686088562], [-0.39361482858657837, 0.6277563571929932, -0.6715573668479919, 0.03761756420135498], [0.0813947543501854, 0.7514593005180359, 0.654739499092102, 0.5696512460708618]], "scale_mat_0098": [[0.159712506531267, 0.0, 0.0, -0.0008369733904771056], [0.0, 0.159712506531267, 0.0, -0.0009879017091491526], [0.0, 0.0, 0.159712506531267, -0.004103972567827438], [0.0, 0.0, 0.0, 1.0]], "world_mat_0100": [[584.484802814588, 384.19195437985655, 11.078505487054574, 210.6258650678992], [-236.07584291662275, 566.3425461163521, -236.30625889372823, 157.66010536450148], [0.07783099263906479, 0.7265207767486572, 0.6827224493026733, 0.5724067687988281], [0.0, 0.0, 0.0, 1.0]], "K_0100": [[615.635, 0.0, 332.178], [0.0, 615.31, 231.754], [0.0, 0.0, 1.0]], "Rt_0100": [[0.9074062705039978, 0.23204940557479858, -0.35038110613822937, 0.03327447175979614], [-0.4129844903945923, 0.6467771530151367, -0.6411888599395752, 0.04063406586647034], [0.07783099263906479, 0.7265207767486572, 0.6827224493026733, 0.5724067687988281]], "scale_mat_0100": [[0.159712506531267, 0.0, 0.0, -0.0008369733904771056], [0.0, 0.159712506531267, 0.0, -0.0009879017091491526], [0.0, 0.0, 0.159712506531267, -0.004103972567827438], [0.0, 0.0, 0.0, 1.0]], "world_mat_0102": [[579.8302902230323, 390.79351986709236, 20.63823890197278, 210.89300110942125], [-246.758782948941, 573.9406626513004, -204.9841769877672, 159.7741000326276], [0.0798337310552597, 0.6937569975852966, 0.7157707810401917, 0.574489951133728], [0.0, 0.0, 0.0, 1.0]], "K_0102": [[615.635, 0.0, 332.178], [0.0, 615.31, 231.754], [0.0, 0.0, 1.0]], "Rt_0102": [[0.8987651467323303, 0.26045092940330505, -0.35268473625183105, 0.03258436918258667], [-0.4311006963253021, 0.6714659333229065, -0.6027318239212036, 0.043285101652145386], [0.0798337310552597, 0.6937569975852966, 0.7157707810401917, 0.574489951133728]], "scale_mat_0102": [[0.159712506531267, 0.0, 0.0, -0.0008369733904771056], [0.0, 0.159712506531267, 0.0, -0.0009879017091491526], [0.0, 0.0, 0.159712506531267, -0.004103972567827438], [0.0, 0.0, 0.0, 1.0]], "world_mat_0104": [[578.2303448691964, 392.83155959141254, 26.10962906256317, 210.85482288217545], [-251.04703758418557, 577.9769225142002, -187.708179166913, 161.4107653080225], [0.08277684450149536, 0.6750273108482361, 0.7331344485282898, 0.5761839151382446], [0.0, 0.0, 0.0, 1.0]], "K_0104": [[615.635, 0.0, 332.178], [0.0, 615.31, 231.754], [0.0, 0.0, 1.0]], "Rt_0104": [[0.8945782780647278, 0.2738673686981201, -0.35316625237464905, 0.03160834312438965], [-0.439178466796875, 0.6850801110267639, -0.5811948776245117, 0.0453069806098938], [0.08277684450149536, 0.6750273108482361, 0.7331344485282898, 0.5761839151382446]], "scale_mat_0104": [[0.159712506531267, 0.0, 0.0, -0.0008369733904771056], [0.0, 0.159712506531267, 0.0, -0.0009879017091491526], [0.0, 0.0, 0.159712506531267, -0.004103972567827438], [0.0, 0.0, 0.0, 1.0]], "world_mat_0106": [[576.1903980844468, 395.3389413396418, 32.56371739381553, 210.7465126285553], [-256.58813068009914, 582.3237654842138, -165.46253811824323, 162.87616099926828], [0.0873638316988945, 0.6507821679115295, 0.7542215585708618, 0.5778820514678955], [0.0, 0.0, 0.0, 1.0]], "K_0106": [[615.635, 0.0, 332.178], [0.0, 615.31, 231.754], [0.0, 0.0, 1.0]], "Rt_0106": [[0.888789713382721, 0.2910221517086029, -0.3540605902671814, 0.03051614761352539], [-0.449911504983902, 0.701276421546936, -0.5529837012290955, 0.047048941254615784], [0.0873638316988945, 0.6507821679115295, 0.7542215585708618, 0.5778820514678955]], "scale_mat_0106": [[0.159712506531267, 0.0, 0.0, -0.0008369733904771056], [0.0, 0.159712506531267, 0.0, -0.0009879017091491526], [0.0, 0.0, 0.159712506531267, -0.004103972567827438], [0.0, 0.0, 0.0, 1.0]], "world_mat_0108": [[573.5556288685948, 398.6293857834041, 38.43494237145782, 210.6978560320735], [-263.1381450155228, 585.4672384091615, -142.48766565454005, 164.1883416018486], [0.09230221062898636, 0.6258199214935303, 0.774486780166626, 0.5788882970809937], [0.0, 0.0, 0.0, 1.0]], "K_0108": [[615.635, 0.0, 332.178], [0.0, 615.31, 231.754], [0.0, 0.0, 1.0]], "Rt_0108": [[0.8818453550338745, 0.309835821390152, -0.35545822978019714, 0.02989417314529419], [-0.4624165892601013, 0.7157871127128601, -0.5232778191566467, 0.04880249500274658], [0.09230221062898636, 0.6258199214935303, 0.774486780166626, 0.5788882970809937]], "scale_mat_0108": [[0.159712506531267, 0.0, 0.0, -0.0008369733904771056], [0.0, 0.159712506531267, 0.0, -0.0009879017091491526], [0.0, 0.0, 0.159712506531267, -0.004103972567827438], [0.0, 0.0, 0.0, 1.0]], "world_mat_0110": [[569.9072259323895, 403.281817304492, 43.79716625317932, 210.4228132633567], [-271.3501631477177, 587.169601970911, -117.97144029736519, 165.70500671213864], [0.0976346880197525, 0.5994337797164917, 0.7944473624229431, 0.579696536064148], [0.0, 0.0, 0.0, 1.0]], "K_0110": [[615.635, 0.0, 332.178], [0.0, 615.31, 231.754], [0.0, 0.0, 1.0]], "Rt_0110": [[0.8730418682098389, 0.3316301107406616, -0.3575182855129242, 0.029011309146881104], [-0.47777119278907776, 0.728492021560669, -0.49095219373703003, 0.05096295475959778], [0.0976346880197525, 0.5994337797164917, 0.7944473624229431, 0.579696536064148]], "scale_mat_0110": [[0.159712506531267, 0.0, 0.0, -0.0008369733904771056], [0.0, 0.159712506531267, 0.0, -0.0009879017091491526], [0.0, 0.0, 0.159712506531267, -0.004103972567827438], [0.0, 0.0, 0.0, 1.0]], "world_mat_0112": [[567.8288007601947, 405.9376904630661, 46.19230101197958, 210.2891109123826], [-275.76770608414705, 587.4296519941091, -105.80591513276099, 167.85943348616362], [0.10038398951292038, 0.5864185094833374, 0.8037638664245605, 0.5808991193771362], [0.0, 0.0, 0.0, 1.0]], "K_0112": [[615.635, 0.0, 332.178], [0.0, 615.31, 231.754], [0.0, 0.0, 1.0]], "Rt_0112": [[0.868182361125946, 0.34296679496765137, -0.3586546778678894, 0.028145253658294678], [-0.4859860837459564, 0.7338168025016785, -0.4746898412704468, 0.054011374711990356], [0.10038398951292038, 0.5864185094833374, 0.8037638664245605, 0.5808991193771362]], "scale_mat_0112": [[0.159712506531267, 0.0, 0.0, -0.0008369733904771056], [0.0, 0.159712506531267, 0.0, -0.0009879017091491526], [0.0, 0.0, 0.159712506531267, -0.004103972567827438], [0.0, 0.0, 0.0, 1.0]], "world_mat_0114": [[565.3234794466346, 408.92515817904473, 50.38128539064526, 210.25937260830403], [-281.28028055484594, 587.8661654121875, -87.24155340570208, 169.60252199572324], [0.10532587021589279, 0.5659704208374023, 0.8176698088645935, 0.5818195939064026], [0.0, 0.0, 0.0, 1.0]], "K_0114": [[615.635, 0.0, 332.178], [0.0, 615.31, 231.754], [0.0, 0.0, 1.0]], "Rt_0114": [[0.8614463806152344, 0.3588526248931885, -0.35935357213020325, 0.02760028839111328], [-0.49680644273757935, 0.7422279119491577, -0.4497567117214203, 0.056497544050216675], [0.10532587021589279, 0.5659704208374023, 0.8176698088645935, 0.5818195939064026]], "scale_mat_0114": [[0.159712506531267, 0.0, 0.0, -0.0008369733904771056], [0.0, 0.159712506531267, 0.0, -0.0009879017091491526], [0.0, 0.0, 0.159712506531267, -0.004103972567827438], [0.0, 0.0, 0.0, 1.0]], "world_mat_0116": [[563.6393292089105, 410.37528725662827, 57.02193926101922, 210.27060395407676], [-285.6271820188164, 588.7714800984859, -63.887297717750045, 171.42439373666048], [0.11257490515708923, 0.5388261675834656, 0.8348612189292908, 0.5822829008102417], [0.0, 0.0, 0.0, 1.0]], "K_0116": [[615.635, 0.0, 332.178], [0.0, 615.31, 231.754], [0.0, 0.0, 1.0]], "Rt_0116": [[0.8547993898391724, 0.37585434317588806, -0.3578428626060486, 0.027368545532226562], [-0.5066013336181641, 0.7539229989051819, -0.41827651858329773, 0.059283941984176636], [0.11257490515708923, 0.5388261675834656, 0.8348612189292908, 0.5822829008102417]], "scale_mat_0116": [[0.159712506531267, 0.0, 0.0, -0.0008369733904771056], [0.0, 0.159712506531267, 0.0, -0.0009879017091491526], [0.0, 0.0, 0.159712506531267, -0.004103972567827438], [0.0, 0.0, 0.0, 1.0]], "world_mat_0118": [[563.2918330989927, 409.3834718114436, 66.75453905439377, 210.30333487814664], [-288.1138239445835, 590.0375890972614, -34.093551630198945, 173.38621574896572], [0.12317433208227158, 0.5023757219314575, 0.8558310270309448, 0.5829561948776245], [0.0, 0.0, 0.0, 1.0]], "K_0118": [[615.635, 0.0, 332.178], [0.0, 615.31, 231.754], [0.0, 0.0, 1.0]], "Rt_0118": [[0.8485158085823059, 0.39391085505485535, -0.3533484935760498, 0.027058422565460205], [-0.5146348476409912, 0.769709587097168, -0.37775400280952454, 0.062218695878982544], [0.12317433208227158, 0.5023757219314575, 0.8558310270309448, 0.5829561948776245]], "scale_mat_0118": [[0.159712506531267, 0.0, 0.0, -0.0008369733904771056], [0.0, 0.159712506531267, 0.0, -0.0009879017091491526], [0.0, 0.0, 0.159712506531267, -0.004103972567827438], [0.0, 0.0, 0.0, 1.0]], "world_mat_0120": [[563.5172499764562, 408.1037525434494, 72.44520741742849, 210.26908675599097], [-288.691510897696, 590.4651827988624, -18.011291302978986, 175.87072316282988], [0.128993958234787, 0.4819970726966858, 0.8666252493858337, 0.5837992429733276], [0.0, 0.0, 0.0, 1.0]], "K_0120": [[615.635, 0.0, 332.178], [0.0, 615.31, 231.754], [0.0, 0.0, 1.0]], "Rt_0120": [[0.845741868019104, 0.4028278589248657, -0.34992915391921997, 0.026547908782958984], [-0.5177656412124634, 0.7780800461769104, -0.35568276047706604, 0.06593897938728333], [0.128993958234787, 0.4819970726966858, 0.8666252493858337, 0.5837992429733276]], "scale_mat_0120": [[0.159712506531267, 0.0, 0.0, -0.0008369733904771056], [0.0, 0.159712506531267, 0.0, -0.0009879017091491526], [0.0, 0.0, 0.159712506531267, -0.004103972567827438], [0.0, 0.0, 0.0, 1.0]], "world_mat_0122": [[562.230951257795, 409.0547424492836, 76.93664242047072, 210.11316841381787], [-291.33305354073644, 589.4261800976395, -4.257099315881707, 177.48256098860503], [0.13267360627651215, 0.46508339047431946, 0.8752686381340027, 0.5839196443557739], [0.0, 0.0, 0.0, 1.0]], "K_0122": [[615.635, 0.0, 332.178], [0.0, 615.31, 231.754], [0.0, 0.0, 1.0]], "Rt_0122": [[0.8416670560836792, 0.4134986996650696, -0.3472972512245178, 0.026229679584503174], [-0.5234445929527283, 0.7827619314193726, -0.33658498525619507, 0.0685131847858429], [0.13267360627651215, 0.46508339047431946, 0.8752686381340027, 0.5839196443557739]], "scale_mat_0122": [[0.159712506531267, 0.0, 0.0, -0.0008369733904771056], [0.0, 0.159712506531267, 0.0, -0.0009879017091491526], [0.0, 0.0, 0.159712506531267, -0.004103972567827438], [0.0, 0.0, 0.0, 1.0]], "world_mat_0124": [[561.7336211631597, 408.906990011245, 81.23493808686733, 210.21306735879182], [-293.1825705868303, 588.372380018115, 13.350349558591862, 178.63918530660868], [0.14033447206020355, 0.44373464584350586, 0.8851021528244019, 0.5840588808059692], [0.0, 0.0, 0.0, 1.0]], "K_0124": [[615.635, 0.0, 332.178], [0.0, 615.31, 231.754], [0.0, 0.0, 1.0]], "Rt_0124": [[0.836725652217865, 0.4247778356075287, -0.3456212282180786, 0.026316821575164795], [-0.5293358564376831, 0.7890902161598206, -0.3116731643676758, 0.07034048438072205], [0.14033447206020355, 0.44373464584350586, 0.8851021528244019, 0.5840588808059692]], "scale_mat_0124": [[0.159712506531267, 0.0, 0.0, -0.0008369733904771056], [0.0, 0.159712506531267, 0.0, -0.0009879017091491526], [0.0, 0.0, 0.159712506531267, -0.004103972567827438], [0.0, 0.0, 0.0, 1.0]], "world_mat_0126": [[562.154947011441, 407.4200665828288, 85.67021903610231, 210.3634857660532], [-294.01383549818394, 586.9829876173138, 36.3751904757619, 179.5105534338951], [0.15289367735385895, 0.41585007309913635, 0.8964888453483582, 0.5839943885803223], [0.0, 0.0, 0.0, 1.0]], "K_0126": [[615.635, 0.0, 332.178], [0.0, 615.31, 231.754], [0.0, 0.0, 1.0]], "Rt_0126": [[0.8306334614753723, 0.4374082386493683, -0.34456074237823486, 0.02659595012664795], [-0.5354171991348267, 0.7973347902297974, -0.27854201197624207, 0.07178092002868652], [0.15289367735385895, 0.41585007309913635, 0.8964888453483582, 0.5839943885803223]], "scale_mat_0126": [[0.159712506531267, 0.0, 0.0, -0.0008369733904771056], [0.0, 0.159712506531267, 0.0, -0.0009879017091491526], [0.0, 0.0, 0.159712506531267, -0.004103972567827438], [0.0, 0.0, 0.0, 1.0]], "world_mat_0128": [[562.8133327291011, 406.0518191945255, 87.81659105944635, 210.0103615822196], [-293.7625146020651, 586.2049459723233, 48.82276417666675, 179.59315444284675], [0.16042810678482056, 0.40060901641845703, 0.9020949006080627, 0.5834320783615112], [0.0, 0.0, 0.0, 1.0]], "K_0128": [[615.635, 0.0, 332.178], [0.0, 615.31, 231.754], [0.0, 0.0, 1.0]], "Rt_0128": [[0.8276375532150269, 0.44340935349464417, -0.34409916400909424, 0.026325762271881104], [-0.537846565246582, 0.8018108010292053, -0.2604237496852875, 0.07212695479393005], [0.16042810678482056, 0.40060901641845703, 0.9020949006080627, 0.5834320783615112]], "scale_mat_0128": [[0.159712506531267, 0.0, 0.0, -0.0008369733904771056], [0.0, 0.159712506531267, 0.0, -0.0009879017091491526], [0.0, 0.0, 0.159712506531267, -0.004103972567827438], [0.0, 0.0, 0.0, 1.0]], "world_mat_0130": [[562.1833896439672, 405.9049767421782, 92.41021012464167, 209.95643326717615], [-295.48076703000066, 583.4254146181345, 67.9867409258783, 180.11704287344216], [0.16913819313049316, 0.37676286697387695, 0.9107370972633362, 0.5830786228179932], [0.0, 0.0, 0.0, 1.0]], "K_0130": [[615.635, 0.0, 332.178], [0.0, 615.31, 231.754], [0.0, 0.0, 1.0]], "Rt_0130": [[0.8219146132469177, 0.4560374915599823, -0.3413006365299225, 0.02642887830734253], [-0.5439196825027466, 0.8062750697135925, -0.2325335592031479, 0.07311150431632996], [0.16913819313049316, 0.37676286697387695, 0.9107370972633362, 0.5830786228179932]], "scale_mat_0130": [[0.159712506531267, 0.0, 0.0, -0.0008369733904771056], [0.0, 0.159712506531267, 0.0, -0.0009879017091491526], [0.0, 0.0, 0.159712506531267, -0.004103972567827438], [0.0, 0.0, 0.0, 1.0]], "world_mat_0132": [[560.9696405722201, 406.26289943915606, 98.04185729959607, 209.824408400476], [-298.00193859532476, 578.9472961953878, 91.27545373898744, 180.78659193670748], [0.17954938113689423, 0.3476330041885376, 0.9202789068222046, 0.5825033187866211], [0.0, 0.0, 0.0, 1.0]], "K_0132": [[615.635, 0.0, 332.178], [0.0, 615.31, 231.754], [0.0, 0.0, 1.0]], "Rt_0132": [[0.8143255114555359, 0.47233647108078003, -0.3373014032840729, 0.026524841785430908], [-0.5519384145736694, 0.809968888759613, -0.19827869534492493, 0.07441633939743042], [0.17954938113689423, 0.3476330041885376, 0.9202789068222046, 0.5825033187866211]], "scale_mat_0132": [[0.159712506531267, 0.0, 0.0, -0.0008369733904771056], [0.0, 0.159712506531267, 0.0, -0.0009879017091491526], [0.0, 0.0, 0.159712506531267, -0.004103972567827438], [0.0, 0.0, 0.0, 1.0]], "world_mat_0134": [[559.0563860930204, 407.09218621516226, 105.26440518274903, 209.52752672511338], [-301.3905990170836, 571.6201114324926, 121.3691735368967, 181.5235001590252], [0.19335755705833435, 0.30971649289131165, 0.9309610724449158, 0.5820415019989014], [0.0, 0.0, 0.0, 1.0]], "K_0134": [[615.635, 0.0, 332.178], [0.0, 615.31, 231.754], [0.0, 0.0, 1.0]], "Rt_0134": [[0.8037672638893127, 0.4941421151161194, -0.33133330941200256, 0.02629178762435913], [-0.5626464486122131, 0.8123418688774109, -0.15339386463165283, 0.07578790187835693], [0.19335755705833435, 0.30971649289131165, 0.9309610724449158, 0.5820415019989014]], "scale_mat_0134": [[0.159712506531267, 0.0, 0.0, -0.0008369733904771056], [0.0, 0.159712506531267, 0.0, -0.0009879017091491526], [0.0, 0.0, 0.159712506531267, -0.004103972567827438], [0.0, 0.0, 0.0, 1.0]], "world_mat_0136": [[558.0370896115005, 407.3578072173595, 109.55788733470439, 209.24097612690926], [-303.027619469434, 566.7542750353217, 138.85308821478486, 182.0981289053559], [0.2016756385564804, 0.287340372800827, 0.9363559484481812, 0.5813440084457397], [0.0, 0.0, 0.0, 1.0]], "K_0136": [[615.635, 0.0, 332.178], [0.0, 615.31, 231.754], [0.0, 0.0, 1.0]], "Rt_0136": [[0.7976233959197998, 0.5066470503807068, -0.32727015018463135, 0.026202678680419922], [-0.5684399008750916, 0.8128618001937866, -0.1270110160112381, 0.07698449492454529], [0.2016756385564804, 0.287340372800827, 0.9363559484481812, 0.5813440084457397]], "scale_mat_0136": [[0.159712506531267, 0.0, 0.0, -0.0008369733904771056], [0.0, 0.159712506531267, 0.0, -0.0009879017091491526], [0.0, 0.0, 0.159712506531267, -0.004103972567827438], [0.0, 0.0, 0.0, 1.0]], "world_mat_0138": [[555.6250952060818, 409.6603666691184, 113.17167686316371, 209.18468524497746], [-306.38580181008575, 563.1588458765149, 145.9319905549437, 182.93107260262965], [0.2016737163066864, 0.27786651253700256, 0.9392113089561462, 0.5811684727668762], [0.0, 0.0, 0.0, 1.0]], "K_0138": [[615.635, 0.0, 332.178], [0.0, 615.31, 231.754], [0.0, 0.0, 1.0]], "Rt_0138": [[0.7937065362930298, 0.5154989957809448, -0.32294079661369324, 0.02620595693588257], [-0.5738968849182129, 0.8105868101119995, -0.11658186465501785, 0.07840430736541748], [0.2016737163066864, 0.27786651253700256, 0.9392113089561462, 0.5811684727668762]], "scale_mat_0138": [[0.159712506531267, 0.0, 0.0, -0.0008369733904771056], [0.0, 0.159712506531267, 0.0, -0.0009879017091491526], [0.0, 0.0, 0.159712506531267, -0.004103972567827438], [0.0, 0.0, 0.0, 1.0]], "world_mat_0140": [[553.9248334378004, 411.3358574289679, 115.40685421094298, 209.0861048810482], [-308.7249751701951, 560.6686772264839, 150.51854490481315, 183.69421842867135], [0.2017711102962494, 0.27184543013572693, 0.9409508109092712, 0.5806533098220825], [0.0, 0.0, 0.0, 1.0]], "K_0140": [[615.635, 0.0, 332.178], [0.0, 615.31, 231.754], [0.0, 0.0, 1.0]], "Rt_0140": [[0.7908921837806702, 0.5214693546295166, -0.32024869322776794, 0.026323795318603516], [-0.577735185623169, 0.8088076114654541, -0.10978298634290695, 0.07983860373497009], [0.2017711102962494, 0.27184543013572693, 0.9409508109092712, 0.5806533098220825]], "scale_mat_0140": [[0.159712506531267, 0.0, 0.0, -0.0008369733904771056], [0.0, 0.159712506531267, 0.0, -0.0009879017091491526], [0.0, 0.0, 0.159712506531267, -0.004103972567827438], [0.0, 0.0, 0.0, 1.0]], "world_mat_0142": [[553.1570647194087, 412.1884076349735, 116.0459233880937, 209.05534744811058], [-309.7765061512291, 559.4962929236292, 152.7046930066198, 183.93388004517553], [0.20233933627605438, 0.26926299929618835, 0.9415711760520935, 0.5801709890365601], [0.0, 0.0, 0.0, 1.0]], "K_0142": [[615.635, 0.0, 332.178], [0.0, 615.31, 231.754], [0.0, 0.0, 1.0]], "Rt_0142": [[0.7893384695053101, 0.5242475867271423, -0.31954535841941833, 0.026534080505371094], [-0.5796581506729126, 0.8078749179840088, -0.106463722884655, 0.08040976524353027], [0.20233933627605438, 0.26926299929618835, 0.9415711760520935, 0.5801709890365601]], "scale_mat_0142": [[0.159712506531267, 0.0, 0.0, -0.0008369733904771056], [0.0, 0.159712506531267, 0.0, -0.0009879017091491526], [0.0, 0.0, 0.159712506531267, -0.004103972567827438], [0.0, 0.0, 0.0, 1.0]], "world_mat_0144": [[553.0013394888938, 412.42877537155147, 115.93403573271631, 208.7663919504881], [-309.99123485365504, 559.1859159861207, 153.40426551072298, 183.66737664324043], [0.20293311774730682, 0.26862654089927673, 0.94162517786026, 0.5795397162437439], [0.0, 0.0, 0.0, 1.0]], "K_0144": [[615.635, 0.0, 332.178], [0.0, 615.31, 231.754], [0.0, 0.0, 1.0]], "Rt_0144": [[0.7887651324272156, 0.5249814391136169, -0.31975623965263367, 0.02640533447265625], [-0.5802307724952698, 0.8076102137565613, -0.10534711927175522, 0.08021441102027893], [0.20293311774730682, 0.26862654089927673, 0.94162517786026, 0.5795397162437439]], "scale_mat_0144": [[0.159712506531267, 0.0, 0.0, -0.0008369733904771056], [0.0, 0.159712506531267, 0.0, -0.0009879017091491526], [0.0, 0.0, 0.159712506531267, -0.004103972567827438], [0.0, 0.0, 0.0, 1.0]], "world_mat_0146": [[553.093355216682, 413.08570759123563, 113.12212735429408, 208.72237850499153], [-309.86682400614023, 560.2585072247981, 149.6972584078461, 183.1914926884174], [0.20308032631874084, 0.27486932277679443, 0.9397900104522705, 0.5787625312805176], [0.0, 0.0, 0.0, 1.0]], "K_0146": [[615.635, 0.0, 332.178], [0.0, 615.31, 231.754], [0.0, 0.0, 1.0]], "Rt_0146": [[0.7888351678848267, 0.5226801037788391, -0.3233335316181183, 0.02675318717956543], [-0.5800840258598328, 0.807002067565918, -0.11068052798509598, 0.07973372936248779], [0.20308032631874084, 0.27486932277679443, 0.9397900104522705, 0.5787625312805176]], "scale_mat_0146": [[0.159712506531267, 0.0, 0.0, -0.0008369733904771056], [0.0, 0.159712506531267, 0.0, -0.0009879017091491526], [0.0, 0.0, 0.159712506531267, -0.004103972567827438], [0.0, 0.0, 0.0, 1.0]], "world_mat_0148": [[553.3704990986884, 413.3349513475895, 110.83312617680431, 208.52993508321046], [-309.4819853800833, 561.7796953135132, 144.70929148602485, 182.6075260875225], [0.20173679292201996, 0.28206518292427063, 0.9379453659057617, 0.5777993202209473], [0.0, 0.0, 0.0, 1.0]], "K_0148": [[615.635, 0.0, 332.178], [0.0, 615.31, 231.754], [0.0, 0.0, 1.0]], "Rt_0148": [[0.7900102734565735, 0.5192022919654846, -0.3260563313961029, 0.026960313320159912], [-0.5789525508880615, 0.8067640066146851, -0.11809217929840088, 0.07914745807647705], [0.20173679292201996, 0.28206518292427063, 0.9379453659057617, 0.5777993202209473]], "scale_mat_0148": [[0.159712506531267, 0.0, 0.0, -0.0008369733904771056], [0.0, 0.159712506531267, 0.0, -0.0009879017091491526], [0.0, 0.0, 0.159712506531267, -0.004103972567827438], [0.0, 0.0, 0.0, 1.0]], "world_mat_0150": [[553.7252154605388, 413.35001616066694, 108.99003614383936, 208.23359074789286], [-308.96547332412, 563.7682743327617, 137.92011656978727, 181.53003194147348], [0.19851675629615784, 0.2909092307090759, 0.9359288811683655, 0.5771652460098267], [0.0, 0.0, 0.0, 1.0]], "K_0150": [[615.635, 0.0, 332.178], [0.0, 615.31, 231.754], [0.0, 0.0, 1.0]], "Rt_0150": [[0.792323887348175, 0.5144547820091248, -0.32796210050582886, 0.0268210768699646], [-0.5769003033638, 0.806664764881134, -0.12836642563343048, 0.07763513922691345], [0.19851675629615784, 0.2909092307090759, 0.9359288811683655, 0.5771652460098267]], "scale_mat_0150": [[0.159712506531267, 0.0, 0.0, -0.0008369733904771056], [0.0, 0.159712506531267, 0.0, -0.0009879017091491526], [0.0, 0.0, 0.159712506531267, -0.004103972567827438], [0.0, 0.0, 0.0, 1.0]], "world_mat_0152": [[554.0383776533008, 413.14664704704285, 108.16660874509812, 207.73729871982337], [-308.5116919051409, 564.8452442215084, 134.48673942756653, 180.9861584917903], [0.19687789678573608, 0.2952286899089813, 0.9349219799041748, 0.5770509243011475], [0.0, 0.0, 0.0, 1.0]], "K_0152": [[615.635, 0.0, 332.178], [0.0, 615.31, 231.754], [0.0, 0.0, 1.0]], "Rt_0152": [[0.7937168478965759, 0.5117937922477722, -0.32875633239746094, 0.02607661485671997], [-0.5755455493927002, 0.8067881464958191, -0.13356709480285645, 0.07679429650306702], [0.19687789678573608, 0.2952286899089813, 0.9349219799041748, 0.5770509243011475]], "scale_mat_0152": [[0.159712506531267, 0.0, 0.0, -0.0008369733904771056], [0.0, 0.159712506531267, 0.0, -0.0009879017091491526], [0.0, 0.0, 0.159712506531267, -0.004103972567827438], [0.0, 0.0, 0.0, 1.0]], "world_mat_0154": [[554.322137284726, 413.0129453179836, 107.21905121693017, 207.2299214231968], [-308.07640020892023, 566.1525837178826, 129.90956263226272, 180.20217461585997], [0.1944494992494583, 0.30093368887901306, 0.9336103796958923, 0.5768942832946777], [0.0, 0.0, 0.0, 1.0]], "K_0154": [[615.635, 0.0, 332.178], [0.0, 615.31, 231.754], [0.0, 0.0, 1.0]], "Rt_0154": [[0.7954880595207214, 0.5084983706474304, -0.32958778738975525, 0.02533698081970215], [-0.5739234685897827, 0.8067640662193298, -0.1405119001865387, 0.07557916641235352], [0.1944494992494583, 0.30093368887901306, 0.9336103796958923, 0.5768942832946777]], "scale_mat_0154": [[0.159712506531267, 0.0, 