[
    {
        "id": 0,
        "img_name": "0456.jpg",
        "width": 640,
        "height": 480,
        "position": [
            3.614166498184204,
            -1.4086874723434448,
            -5.422491073608398
        ],
        "rotation": [
            [
                -0.24170830845832825,
                -0.8699191212654114,
                -0.4299042522907257
            ],
            [
                0.9529803395271301,
                -0.2962628901004791,
                0.06369207799434662
            ],
            [
                -0.18277165293693542,
                -0.3942953944206238,
                0.9006251096725464
            ]
        ],
        "fy": 539.3592834472656,
        "fx": 539.3592834472656
    },
    {
        "id": 1,
        "img_name": "0603.jpg",
        "width": 640,
        "height": 480,
        "position": [
            1.6482889652252197,
            -3.3861358165740967,
            -5.686851501464844
        ],
        "rotation": [
            [
                0.5980250239372253,
                -0.7676428556442261,
                -0.230413556098938
            ],
            [
                0.7846426963806152,
                0.5021350383758545,
                0.3635879456996918
            ],
            [
                -0.16340699791908264,
                -0.3982270061969757,
                0.9026147127151489
            ]
        ],
        "fy": 539.3592834472656,
        "fx": 539.3592834472656
    },
    {
        "id": 2,
        "img_name": "0645.jpg",
        "width": 640,
        "height": 480,
        "position": [
            -0.35866349935531616,
            0.2617860734462738,
            -6.98064661026001
        ],
        "rotation": [
            [
                0.9878720641136169,
                0.15145717561244965,
                -0.03419868275523186
            ],
            [
                -0.15147455036640167,
                0.9884589910507202,
                0.0020973423961549997
            ],
            [
                0.03412165120244026,
                0.003108323784545064,
                0.9994128942489624
            ]
        ],
        "fy": 539.3592834472656,
        "fx": 539.3592834472656
    },
    {
        "id": 3,
        "img_name": "0771.jpg",
        "width": 640,
        "height": 480,
        "position": [
            4.251018524169922,
            2.267294406890869,
            -4.973519325256348
        ],
        "rotation": [
            [
                0.7147201895713806,
                -0.27660661935806274,
                -0.642389178276062
            ],
            [
                0.11078910529613495,
                0.9516506791114807,
                -0.2865080237388611
            ],
            [
                0.6905801296234131,
                0.13360334932804108,
                0.7108089327812195
            ]
        ],
        "fy": 539.3592834472656,
        "fx": 539.3592834472656
    }
]