Image ID,Camera Pose
0060.jpg,1.0,0.0,0.0,0.0,0.0,1.0,0.0,0.0,0.0,0.0,1.0,0.0,0.0,0.0,0.0,1.0
0072.jpg,0.9984872937202454,0.05441396310925484,-0.007886286824941635,0.05245057865977287,-0.05435146018862724,0.9984903335571289,0.007934287190437317,0.0987635925412178,0.008306117728352547,-0.007493654265999794,0.9999374151229858,0.0802188292145729,0.0,0.0,0.0,1.0
0084.jpg,0.9857866168022156,0.15388941764831543,-0.06740029156208038,0.08862332254648209,-0.14953944087028503,0.9865871667861938,0.06545014679431915,0.31300053000450134,0.0765683501958847,-0.054440878331661224,0.9955769777297974,0.17934995889663696,0.0,0.0,0.0,1.0
0098.jpg,0.9728394746780396,0.20580047369003296,-0.10596925765275955,-0.016881391406059265,-0.19138020277023315,0.9726082682609558,0.13193465769290924,0.5320503115653992,0.13021878898143768,-0.10807082802057266,0.9855778813362122,0.28326675295829773,0.0,0.0,0.0,1.0
0124.jpg,0.9541751742362976,0.25737690925598145,-0.15266583859920502,-0.0845051035284996,-0.22653406858444214,0.9545937776565552,0.19347630441188812,0.8192031383514404,0.19553019106388092,-0.15002627670764923,0.9691542983055115,0.38868242502212524,0.0,0.0,0.0,1.0
0136.jpg,0.9343008995056152,0.318484365940094,-0.16015464067459106,-0.1431591808795929,-0.28977781534194946,0.9401772618293762,0.17915229499340057,1.104549765586853,0.2076309621334076,-0.1209728866815567,0.9706981778144836,0.2526858448982239,0.0,0.0,0.0,1.0
0150.jpg,0.9357921481132507,0.3161561191082001,-0.15600766241550446,-0.149663046002388,-0.2871403396129608,0.9402353167533875,0.1830516755580902,1.094224452972412,0.20455683767795563,-0.12650221586227417,0.9706460237503052,0.2577578127384186,0.0,0.0,0.0,1.0
0162.jpg,0.9530312418937683,0.26386162638664246,-0.1486893594264984,-0.17279194295406342,-0.23569653928279877,0.9544373154640198,0.1830206960439682,0.9246081709861755,0.19020679593086243,-0.1393788605928421,0.9717998504638672,0.3964794874191284,0.0,0.0,0.0,1.0
0176.jpg,0.9690337777137756,0.1794569492340088,-0.16961364448070526,0.026104748249053955,-0.14830946922302246,0.972183346748352,0.18128374218940735,0.606639564037323,0.19742818176746368,-0.15051475167274475,0.9686936736106873,0.4225144386291504,0.0,0.0,0.0,1.0
0188.jpg,0.9799339175224304,0.10890863090753555,-0.16693851351737976,0.13537512719631195,-0.0860288068652153,0.98659747838974,0.1386524736881256,0.35374096035957336,0.1798015534877777,-0.12150874733924866,0.9761695861816406,0.41772812604904175,0.0,0.0,0.0,1.0
0202.jpg,0.9841047525405884,0.04169202595949173,-0.17262563109397888,0.2732079029083252,-0.020190365612506866,0.9920157194137573,0.12448737025260925,0.14148706197738647,0.17643746733665466,-0.11902323365211487,0.9770891666412354,0.4151863157749176,0.0,0.0,0.0,1.0
0226.jpg,0.9828087687492371,0.005354355089366436,-0.18454881012439728,0.48537886142730713,0.021176405251026154,0.9897133111953735,0.14148902893066406,0.15627726912498474,0.1834080070257187,-0.14296475052833557,0.9725854992866516,0.6510925889015198,0.0,0.0,0.0,1.0
0240.jpg,0.9909539818763733,0.01744832657277584,-0.1330629289150238,0.6940021514892578,0.0012159515172243118,0.9903039336204529,0.13891246914863586,0.33021751046180725,0.13419651985168457,-0.1378176510334015,0.9813244342803955,0.7652762532234192,0.0,0.0,0.0,1.0
0252.jpg,0.9978660345077515,0.033910322934389114,-0.05579815432429314,0.9593505859375,-0.02770552784204483,0.9937166571617126,0.10844171792268753,0.43376970291137695,0.05912484601140022,-0.10666439682245255,0.9925356507301331,0.8923494219779968,0.0,0.0,0.0,1.0
0266.jpg,0.9953619837760925,-0.09458005428314209,-0.01758347824215889,1.1478896141052246,0.09435221552848816,0.9954491257667542,-0.013366730883717537,0.7061378955841064,0.01876768469810486,0.011645695194602013,0.9997560381889343,1.0729726552963257,0.0,0.0,0.0,1.0
0278.jpg,0.976443350315094,-0.2113199084997177,0.0436149500310421,1.3381590843200684,0.2135796695947647,0.9753162860870361,-0.05605190247297287,0.807584822177887,-0.03069349005818367,0.06404677778482437,0.9974747896194458,1.267254114151001,0.0,0.0,0.0,1.0
0292.jpg,0.935737669467926,-0.33450543880462646,0.11180853843688965,1.5066500902175903,0.3429076671600342,0.9370117783546448,-0.06650739908218384,0.9095346331596375,-0.08251883089542389,0.10057348012924194,0.9915016889572144,1.4038996696472168,0.0,0.0,0.0,1.0
0304.jpg,0.908431351184845,-0.38533779978752136,0.16207164525985718,1.5238971710205078,0.40086856484413147,0.9129525423049927,-0.07630228251218796,0.9863752722740173,-0.11856156587600708,0.1342848241329193,0.9838245511054993,1.4292713403701782,0.0,0.0,0.0,1.0
0330.jpg,0.8685336112976074,-0.4430553615093231,0.2221515029668808,1.5104840993881226,0.46854397654533386,0.8801175355911255,-0.0765487551689148,1.0786482095718384,-0.16160409152507782,0.1705729067325592,0.9720025658607483,1.3908894062042236,0.0,0.0,0.0,1.0
0344.jpg,0.8611737489700317,-0.44718942046165466,0.24166373908519745,1.4912447929382324,0.4771924316883087,0.8750327825546265,-0.08127084374427795,1.0543080568313599,-0.1751202493906021,0.18530842661857605,0.9669507145881653,1.3376498222351074,0.0,0.0,0.0,1.0
0356.jpg,0.8854902386665344,-0.40804240107536316,0.22228020429611206,1.4239760637283325,0.4337666928768158,0.8974140882492065,-0.08058837056159973,1.0072581768035889,-0.16659390926361084,0.16777795553207397,0.9716465473175049,1.2640613317489624,0.0,0.0,0.0,1.0
0370.jpg,0.9476372003555298,-0.2803868055343628,0.15286274254322052,1.3597843647003174,0.29260194301605225,0.9540987014770508,-0.06387292593717575,0.9487099647521973,-0.12793703377246857,0.10525629669427872,0.9861811399459839,1.095202922821045,0.0,0.0,0.0,1.0
